0067b74e7e4bc602c3fa26fc24ff0697_02_K33	05	104.92	151658	148248
00cf4c538751f7eb6e7089c43d48253a_02_K33	07	99.0	151658	148248
00d531ddbc7ab5efdae62c05532417a3_02_K33	08	99.0	151658	148248
00e26f042dbd9289b1fb21f24e60d397_02_K33	08	113.67	151658	148248
015a963faaf1810ca66aa4694437070c_02_K33	08	115.81	151658	148248
01798f339872724731a00c15b434757c_02_K16	08	91.61	151658	148248
018c2f1b52ff33c9ac3a8fcc9e4b0ebd_02_K33	08	103.16	151658	148248
019bf69c95a3f2e3bb02b80fadfb3652_02_K33	07	105.83	151658	148248
01a3484375561d97a7b421f260a44da5_02_K33	07	87.06	148248	151658
01b2dea75b7b929127e51a9c7590dfec_02_K33	05	106.75	148248	151658
025cb260b5a735ca5e8dc9c2dc6465b0_02_K33	08	112.62	151658	148248
027ceb89004f1279ea3ec84954a7ea11_02_K16	07	101.45	151658	148248
02aea4142e6ebb1e1a4d1754db6e0de5_02_K33	05	95.16	151658	148248
03184c08142f097860575059df718ac5_02_K33	08	115.81	148248	151658
038a9256baf91e81a8ab5bea7dc0f08a_02_K33	07	98.21	151658	148248
03a67b0a7c3d2fb9f7cb9991042ff068_02_K33	06	78.19	151658	148248
03d731c4f9d766775a33137b487d7b99_02_K33	08	107.68	151658	148248
0418498af50ded5d992489e402a93b35_102_K33	07	111.6	148248	151658
04203079b0f7b757c1fe45eaece9f1b4_02_K33	07	87.69	151658	148248
04b4eafbee29bdaa13cc6d792459c8e1_02_K33	08	97.43	151658	148248
04db9b238b216e207ce75913ee63f534_02_K33	06	99.8	148248	151658
04f2483208a405d58c254e2bdc7758bc_02_K33	06	109.61	151658	148248
05da2bf4af7b88262e52598e0ccfa6f1_02_K33	07	100.62	151658	148248
0720026e4b2be941a854ebb73bf9ce96_02_K33	07	109.61	148248	151658
07af384fb4c409029a980f34890dd66d_02_K33	05	95.16	151658	148248
0827341d7079504d752a7cc846a38a94_02_K33	06	99.8	151658	148248
08ab1f45e3553f135d33a7e4ea6dc3ca_02_K33	05	84.08	151658	148248
08f63435f051b7e94acbcb18e3434cd4_02_K33	08	113.67	151658	148248
08ff1c8a69623a340947ce8e9bb364dd_02_K33	08	114.73	151658	148248
09063d648864638cfa9720af0809423a_02_K33	18	109.61	148248	151658
09b123bce81ef186043b3b7886b3be4a_02_K33	18	99.0	151658	148248
09c371a3ca0a53d89eece2f4ad346dcc_02_K33	06	80.24	151658	148248
0a0b2174298cab0d4016fe64206ffaa3_02_K16	07	93.71	148248	151658
0a45a43c7166b697b7b96192eacd7ea0_02_K16	05	83.51	151658	148248
0b4711e01f373bdfe38d9cacc1bc1dd9_02_K33	19	112.62	151658	148248
0b8ee3b7cad8ed43aa3bc834dc6f983e_02_K16	06	76.72	148248	151658
0b9424733788c33f522c74f4bf7996bf_02_K33	08	103.16	151658	148248
0bcd88869fc722fe2a0bc20b0ae8d425_02_K33	05	93.71	151658	148248
0bea98665b55b6956d71126a154d366e_02_K33	06	85.25	151658	148248
0c51b6d21fa25f11d06ef74997792c83_02_K33	08	104.92	151658	148248
0cbead4f69e8aaa423ea67adf5fa0f2e_02_K33	07	100.62	148248	151658
0d4115120a9d13ccb490ba8c7a501654_02_K33	08	109.61	151658	148248
0d872c2d2f052ec101fd562073d0fd58_02_K16	06	76.72	151658	148248
0e43ef1c39b29b76fa0634531983fdcc_02_K33	08	95.16	151658	148248
0f014cb390bbf6e2d3168356a6c34bb5_02_K33	06	84.08	151658	148248
0f1c2e1196f6b43acaa1a17fc48843df_02_K33	05	101.45	151658	148248
0f412ff555041658d058e9470379b40a_02_K33	06	93.71	148248	151658
0f4b3119e6d4d86465e0018be2554ce8_02_K33	07	118.04	151658	148248
0f70b356c4476f83996ce54bec6f36e3_02_K33	07	93.71	151658	148248
0f8e682b444acb6bb2c1de7916072fcb_02_K33	06	91.61	151658	148248
0f9515c57834e1900146741b704bd886_02_K33	06	113.67	151658	148248
107b0204a646ca033c591a77520cbafc_02_K16	08	93.71	151658	148248
10d67bad9cef7347c0556894d602f96f_02_K33	07	98.21	151658	148248
10f6e428ad59775572353c54bf018f0a_02_K33	08	108.64	151658	148248
1136eec76d18202882e43e606fcd30ef_02_K33	07	116.91	148248	151658
11da8e029c16bed404fb193c40973389_02_K33	08	114.73	151658	148248
11df09602e49f9c92cfd276ecf13ebd3_02_K16	07	91.61	151658	148248
121b69970279933f69ef9e72dc4ebd89_02_K33	08	113.67	151658	148248
12320ca980aa2e608cbf8026cf8e4471_02_K33	07	112.62	148248	151658
125b5290edccf74c60c07512d7d29b32_02_K33	06	103.16	151658	148248
12cc60c73021390492225de6a341bd34_02_K33	08	115.81	151658	148248
13ca20bbbc224aab8970bac9e27ed453_02_K33	07	97.43	151658	148248
1404d19d6a1e3ecd0d83dd67eae770a8_02_K33	08	113.67	151658	148248
1406a368b3dbd86f1723d1ad5ae4aefb_02_K33	08	84.66	151658	148248
1443024ffcbcab62e970715faa2458cc_02_K33	08	116.91	151658	148248
14eaa4b8b8ed45b9926502354422f6eb_02_K33	08	87.69	151658	148248
150428f7e7c297f3bf3a0b8944a8eba1_02_K33	08	93.0	148248	151658
1540446bac66a7305bf7dfc1e024a605_02_K33	08	106.75	148248	151658
15e7bc77e280d3e2b5d7ecfcf870d884_02_K33	08	116.91	151658	148248
16be15a90f338e379d6c6869f4082dc2_02_K33	08	105.83	148248	151658
16ea67bfb97451cf9682036ac573235a_02_K33	07	106.75	151658	148248
175cc9912d68d2f6af91bce63315c9cb_02_K33	08	109.61	151658	148248
1844c7e7b3ef712589a5240f4d9709bb_02_K33	08	115.81	151658	148248
18b055a38ab861cf20b1592696a09f36_02_K33	06	116.91	151658	148248
18c36de92eb90f3abbfa276a8468c027_02_K33	07	104.03	151658	148248
19fbbcf99425eb2f09292c1034a79dbd_02_K33	07	95.16	151658	148248
1a574c607c14f491b6ac217ee9b86564_02_K33	07	118.04	151658	148248
1a6bc5b9b3efbfaa5651ba0c8c28739f_02_K33	07	98.21	151658	148248
1a70a47847b12c83753cd012452c6d49_02_K33	06	103.16	151658	148248
1a831804673422bfa7abac2adf623354_02_K16	06	70.15	151658	148248
1b75d99a7913f2f8cb5bbebbe18a331d_02_K33	07	109.61	151658	148248
1b7bccaa659ad8799bb0e4d34da27eb7_02_K33	06	86.45	151658	148248
1ba8232548c87f1a67c43f5a6d98a569_02_K33	07	99.8	148248	151658
1c257a8155d6d51c76556178ab21e15c_02_K33	07	91.61	151658	148248
1c2a4a39ee6b70b1adb91f733701de8b_02_K33	08	119.18	151658	148248
1c8088c8fc10814124205f4267048ac8_02_K33	07	96.66	151658	148248
1c9b3dfabcc93e3b54aab9b288805ce5_02_K16	06	90.93	151658	148248
1d4dda2723bae2c325a05a7aa0d321b6_02_K16	05	77.7	151658	148248
1d684fd4739652caf5f296dd28a2a0b1_02_K33	06	95.16	151658	148248
1e11047b7ca7ce94027683177985cfc9_02_K33	07	107.68	151658	148248
1e1c5bffcfaffdcfb0a7980474ff1a38_02_K33	08	119.18	151658	148248
1e1d318de4bc598d5b4e5687e11cc04f_02_K33	06	118.04	151658	148248
1e34164606528391ced713e9b48e2765_02_K16	07	84.66	151658	148248
1e3a7ab131a6976127c4710ecbbb6650_02_K33	07	116.91	151658	148248
1e5ec9ea1ff64222c1edfc5b3c5d8897_02_K16	07	91.61	148248	151658
1e77ae747891c35c219d87b434d45065_02_K33	07	93.71	148248	151658
1fcff8a121cc97fdd6bdd97b3f928bab_02_K33	07	102.3	151658	148248
1fe08b0f90da550d2dee1d59176e5f2b_02_K16	07	74.4	151658	148248
1fe0bc1862453449d72f513a9244df24_02_K33	07	114.73	148248	151658
2019f17d191b7901081e2315c7a4d254_02_K16	07	99.0	151658	148248
205d936ffb3c9df1105c9ef38203b7dd_02_K33	08	99.0	151658	148248
20a2c9ef7adce48b8af977d323cbef70_02_K33	05	99.8	151658	148248
20eddf0f2ed62bd0263d641cc7c57019_02_K33	08	107.68	151658	148248
20fc94fa0233e38376d16d50f68034ee_02_K33	07	115.81	151658	148248
2109ca9436d6f0fc4b9777738650dccf_02_K33	07	118.04	151658	148248
217d73fe0f249ee609a0425eee776b75_02_K33	08	114.73	151658	148248
21ae881376de41f7098e529c50f259e0_02_K33	08	93.71	151658	148248
227d301fb7650173081e850b2a4fdead_02_K33	08	119.18	148248	151658
22aab62a57a90cf268b70595304a63c4_02_K16	05	97.43	151658	148248
235008712008adf31ab4a867e20d5b08_02_K33	05	113.67	151658	148248
23722b404ec253efb7ccad94921a097e_02_K33	08	104.03	151658	148248
23a9fab24d1857c36855cf642b21a3d9_02_K16	08	98.21	151658	148248
23fa95e47d66eba7c28a9ada1bef80df_02_K16	08	90.26	151658	148248
246b2c5730707c359098963c5240fd3e_02_K33	07	93.0	151658	148248
248c26e1731fee4899ac115cdfa2da23_02_K33	06	104.92	148248	151658
24fabad863d8fec00fb1a192c45e6d23_02_K33	05	66.0	151658	148248
2500ba1d660f419b9039b3d07988a4e8_02_K33	06	101.45	151658	148248
25302f3076109458eaeca12188d84754_02_K33	08	91.61	151658	148248
254f05b0aa6a93fce33d4c6f7ea9a1dc_02_K33	07	118.04	148248	151658
2584a9d5d362ad1bb314d8f32c0b65c5_02_K33	05	96.66	151658	148248
25ba5c76ae809e67ea4be796c7d03a77_02_K33	07	112.62	151658	148248
2601ce75cd0d192cb87706c974201a7e_02_K33	06	88.96	151658	148248
262835b5f60dc52177017514ffc6faa2_02_K16	07	95.91	151658	148248
2631e8653d5373ec157a6ad63f33ae0f_02_K33	18	87.06	148248	151658
26dd374646564cce201c70237bebc468_02_K33	06	103.16	151658	148248
2717d8948b7aa4d634b2d6a770980497_102_K33	07	100.62	148248	151658
274ef64fe192c8d7a12f26b6973fdfd6_02_K33	08	108.64	151658	148248
280292e5c6d37941f4b9a9353fbc18b0_02_K33	08	92.3	151658	148248
28203566bfb49cc347582b6215b90123_02_K33	06	90.26	151658	148248
282547eb593a9425aa7f12d249173618_02_K33	08	115.81	151658	148248
2830ab06e6658a82467d16e5c61e33b8_02_K33	06	115.81	151658	148248
2947a0cf095472099a222b8a50722d42_02_K33	08	116.91	151658	148248
298fad8a79c347c485059718a52e8026_02_K16	07	97.43	151658	148248
29aa89cce2d6f4b3dfc49dd830e64389_02_K33	08	116.91	151658	148248
29d3882290cfbd716620e4cc1644ebe8_02_K33	08	104.92	151658	148248
29e4d33a3ddc09c7a57d9d0859a9dd75_02_K33	07	110.59	151658	148248
2aa7b5d604da9bb00e0ff4efe3ac7970_02_K33	05	97.43	148248	151658
2b74a04a3107c587fe01d1476d8aa228_02_K33	06	116.91	148248	151658
2ba76effda65e0d14dd419cc2136f8ad_02_K33	07	104.92	151658	148248
2bfc20816d759eacfc56d36e51d69940_102_K33	07	98.21	151658	148248
2c05c5bce3844794d34a5e9d143a0743_02_K33	07	114.73	148248	151658
2cabb18e5f52b7aa2c7a53b868de7ba3_02_K33	06	73.95	151658	148248
2cc801834bd72389918c5c5a3b4b123f_02_K33	18	93.71	151658	148248
2dd52c6810dca54db5685399d4b5692e_02_K33	08	113.67	151658	148248
2df63e815fd24e3baa7aff59cdfd9a4d_02_K33	08	72.64	151658	148248
2e87c47ddb2b25523f915208fc4cb7f2_02_K33	18	109.61	151658	148248
2ff17b5b1fa7f8b0b4a2180023d20adf_02_K16	07	90.26	151658	148248
2ffaa0ab78a086c26a5be46776dfdd2c_02_K33	07	96.66	151658	148248
30415f62f19e9ffe2dbfb0ddf05c1de5_02_K33	08	81.84	151658	148248
30474aab3e91565ba7620f45ede4d99e_02_K16	05	84.66	148248	151658
3066500ceb5b27b6008c6c49a8be545f_02_K33	07	113.67	151658	148248
30bd8eb657cc2d2fc95ebd9b81091201_02_K16	07	95.16	151658	148248
30c794f26e85d8851c17390a0152cf3f_02_K33	07	99.8	151658	148248
30d5e937d12f8e5ebe5bc55c500092ab_02_K33	06	77.21	151658	148248
31d99568a564491e87033fec3851809a_02_K33	18	116.91	151658	148248
321cfca2bb9844dbc04032c11d9872cb_02_K33	08	88.96	151658	148248
327c9ed6aa3c24a5587d9c70d1bb4e3a_02_K33	08	108.64	148248	151658
329f611b914b619fbef7c5271b79bebf_02_K33	19	108.64	151658	148248
32ce6b3a02703b7b4ebe7b2f6ab951ce_02_K33	18	109.61	148248	151658
32f6f2c113bedb6b46167abbcdbad950_02_K33	08	112.62	148248	151658
32fafd6e2e4731d9b8f886ce814f9a32_02_K33	05	112.62	151658	148248
3327277b39684bba18fa6a4f5b59d33c_02_K33	08	112.62	151658	148248
33403b29abfc63175bde08839fa1e7a4_02_K33	07	106.75	151658	148248
33424968f7719e6e3960e17f15318197_02_K33	08	108.64	151658	148248
3387a004543dd7ef671e7e311e338950_02_K33	07	105.83	151658	148248
33ca3ca39136cc8db31723bc2d91ca2b_02_K33	05	93.71	151658	148248
34c71757f3d3c8c3dd7f5c427dec4e7c_02_K33	18	96.66	148248	151658
3510bc53151ea1b487171d329edc9145_02_K33	18	106.75	151658	148248
353a9fb998b2a9013bce9136d3d5b969_02_K16	07	96.66	151658	148248
35747b48be95846a65bace157d43a585_02_K33	18	95.91	151658	148248
358cbf963ac1f547864a67a45d499ad2_02_K33	06	89.61	151658	148248
35937c946a7aedaa83a27e9799cbf19b_02_K16	06	98.21	148248	151658
35c6eebc51244a447f02a724e2dc0207_02_K16	08	90.93	151658	148248
35dec224b205008b3db5bf2745619a04_02_K33	07	108.64	151658	148248
35e1a41ed7936fd652cf0c96924098ab_02_K16	06	88.96	151658	148248
3720c522154081c1a857efa6bec54a96_02_K33	08	105.83	151658	148248
37aa689d1a5490fc1acee96f9ec627e1_02_K33	08	113.67	151658	148248
37d5d857e9c218eee3f37a4a12084376_02_K33	08	116.91	151658	148248
381b266905efd8ace1bc7fac03d219aa_02_K33	06	114.73	151658	148248
38be23c45b8ea2a8bbae4c04656b9acc_02_K33	06	113.67	151658	148248
393773d84af8dd8ee956e9735fa3053b_02_K33	06	96.66	151658	148248
397f2f02cdb17e8de0e791fa0f9f1ccb_02_K33	08	116.91	151658	148248
3985f3c86aef146c74a39bc59f36c0a5_02_K33	18	91.61	151658	148248
399648dea6122d68f581d5a067298f55_02_K33	08	111.6	151658	148248
39a6508be67ca29afb8f78af610c6838_02_K33	07	98.21	148248	151658
39adac0e7284071754e89ea612a6cdaa_02_K33	06	95.16	151658	148248
39d835fad4a5672894974e7c6a368592_02_K16	07	90.93	151658	148248
3a26266a8bb118188f92929464d6ad76_02_K33	08	118.04	151658	148248
3ac8a5180bfc2db3ec3760c8914a89e2_02_K33	08	87.69	151658	148248
3b2b04cf615fc21b5dc48458bacc9dcf_02_K33	08	118.04	151658	148248
3b7e32801b8415bf0bc70c9c9223d913_02_K33	06	114.73	151658	148248
3b87668629eabc82740e8621099179ff_02_K33	08	91.61	151658	148248
3cb92720f8806e061b00bc733df1645c_02_K33	07	105.83	151658	148248
3cf1269bbea2a1390f976861b0587358_02_K33	07	115.81	151658	148248
3cf46a6aa525542c01cd61324948ae1c_02_K33	07	113.67	148248	151658
3d01211a6c496c5deacb0dd7706b2e9a_02_K33	08	115.81	151658	148248
3d1ba999a7c0f51b18a3d886935011ca_02_K33	06	73.95	151658	148248
3d7cd85fe6d6dbeba64aafcffdfa84ce_02_K16	06	95.91	151658	148248
3d83100c4fddab427c342b44d823c97b_02_K33	18	114.73	151658	148248
3e24a4cb7f339a0d99f3e722a29f57bf_02_K33	06	103.16	148248	151658
3f140b40805820c1901c13465d4a7aed_02_K16	15	90.26	151658	148248
400f117bbdee053cb1a2965231ca12e8_02_K33	06	116.91	151658	148248
405a82770d3ad7839f3d1d0940831caa_02_K33	10	108.64	151658	148248
406a9879a129ea1e10546ffcc7667a09_02_K33	08	113.67	151658	148248
4169e067d63f313d0dc11d7b33d556a4_02_K33	15	115.81	151658	148248
418b2b2a7265b1d8f56dc7fb700ae103_02_K33	06	118.04	151658	148248
41ebb1ea15d679e67844836942b1dcd4_02_K33	05	112.62	151658	148248
4201cc91752eb56de4f5df034338adc5_02_K33	07	104.92	151658	148248
421ef3b4b356dd348cafad82ba7768ea_02_K33	18	99.8	151658	148248
422175baf4b2586f928e66158f67f9a7_02_K33	08	90.93	148248	151658
4313f17c8ecee401b75cc8236d8019df_02_K33	05	114.73	151658	148248
433124265d832f279be9d9550fe6d50c_02_K33	07	111.6	151658	148248
437040a666890522e136de70dc4948a9_02_K33	08	115.81	151658	148248
43bb0ca181a0d75afed4a8772fcbdfc5_02_K33	07	99.0	151658	148248
44822e0ba9794d232f7bf8d090f914bd_02_K33	07	105.83	151658	148248
44c959b5c527b77c74a57d64e4841cab_02_K16	07	85.25	151658	148248
44ce063eea6cb8035697b3f541a3e02a_02_K33	07	94.43	151658	148248
456411cc3f6303c5762dbc4feaf6bd31_02_K33	06	88.32	151658	148248
45e8cee8a7c50a884a85d2ef2d85450e_02_K33	07	92.3	148248	151658
461011c64796a1c113c5127f3fe9a47b_02_K33	05	104.03	148248	151658
46d1f706fdb8525265bf28488f70d996_02_K33	18	108.64	148248	151658
46f242f8a0dcfadd52ae7cfb45748823_02_K33	08	104.92	151658	148248
470073aaa1773b78a23eb1121c79fb5a_02_K33	08	97.43	151658	148248
477b4377153bdd66328a96671cd65c1c_02_K16	08	93.71	151658	148248
47e6073c7a2ac72e614d1f2d7f0ad1a9_02_K33	08	104.03	151658	148248
4849004d803acd534672b3ee2b06abd0_02_K33	08	108.64	151658	148248
48505505d5b1118e7c2594986b3e3de5_02_K16	07	95.16	151658	148248
48e65f908403910458dc1a4ac99d756a_02_K33	06	90.26	151658	148248
49287b5c1d730ef5db1354bca0e92e98_02_K33	07	111.6	151658	148248
493d68a48e5c2e37569f353db2d715d7_02_K33	18	116.91	151658	148248
494a92bc36fffffcf38a7fc0d376601a_02_K33	05	110.59	151658	148248
4a12a7b82431709f8a9f67155986f6c4_02_K33	07	93.71	151658	148248
4a7d89b3fe5da69508f80f28f122e11c_02_K33	08	92.3	148248	151658
4a8be64a0b7910dcf0f6055ffa28aa8b_02_K33	06	105.83	148248	151658
4b2bf91b6b4780a689bd8f6e40650421_02_K16	07	97.43	148248	151658
4b50976172f10d2048033011b94f4651_02_K33	07	112.62	151658	148248
4b8a4568b6c9341add755d935e2517fb_02_K33	07	90.26	151658	148248
4b9079cdebef491e51ff051eb41f1794_02_K16	08	91.61	151658	148248
4c891e36433c49c1ad31667a6c8d98f7_02_K33	05	99.8	151658	148248
4d2940a80b30ebeaa232be2b44062fbb_02_K16	05	88.32	151658	148248
4de30393830d673e54c62d8f72d6dd93_02_K33	18	107.68	151658	148248
4df51a1a36b3af8ca366516910b4ec37_02_K33	08	99.8	148248	151658
4f055d791ce57318afb6050fa16780fa_02_K33	08	88.32	151658	148248
4f43078b47e7dc74936c7c781eed2175_02_K33	08	97.43	151658	148248
50724b7b34f3b9ea5212956a1949a32f_02_K33	05	91.61	151658	148248
50b466e1f5ad223aa93b8f398421af9b_02_K33	07	106.75	151658	148248
5103cd0b77703c9e7d42c35eeff07b3f_02_K33	06	106.75	151658	148248
512daed2a8eb0dbb7757232f3568f30e_02_K33	06	105.83	151658	148248
51ad3df07e504c518d65cf17310b18bf_02_K33	07	105.83	151658	148248
51c1ec445481c8c131a3f0dbb2f2f444_02_K33	18	104.03	151658	148248
526759449799f666bb20e8770603845b_02_K33	06	92.3	151658	148248
528aa08f39bf9851d8d272230ba0cb6e_02_K33	07	119.18	151658	148248
5369ad64e1e37d01c82bd7c5da9caf7b_02_K16	06	100.62	151658	148248
53ebf42541b573f8d372a594ed2b07eb_02_K33	18	110.59	148248	151658
5414b948f4c0c6fb1741a53489c0e0e4_02_K33	08	113.67	151658	148248
548e01372fb935c36114c01fc0b21834_102_K33	08	104.92	151658	148248
558a1c5da3888481aec215fc1471a860_02_K33	06	113.67	151658	148248
55a7f71e7c37505a010a73a888905650_02_K33	07	111.6	151658	148248
55ba1aebb7aae725e0bb50f40f29b22a_02_K33	07	109.61	151658	148248
55e42ac2946e5f2f2488b61d688ec52f_02_K33	07	90.93	151658	148248
566a1ce4e4e886c3369032fdd08f56e1_02_K33	08	118.04	151658	148248
56db5c3660bd2f7ab1e022f5894a86d8_02_K16	08	88.32	151658	148248
57215c5e629a75f76dcdbc4b0f8bbc52_02_K33	08	87.06	151658	148248
5749aef27d5f402d0656ed6016a42e42_02_K33	07	113.67	151658	148248
57b02abb558eb51a605e54fb2f1daf2c_02_K16	08	95.16	151658	148248
57d7eda80619d01de768d4978fe27d4b_02_K33	07	114.73	148248	151658
583d463b6717e229a60dc209c9813664_02_K33	08	118.04	151658	148248
5926886869b4622ccdb9a9fd3191912a_02_K33	06	119.18	148248	151658
5986cfea770b8fcc5bee3d5259d2043f_02_K33	08	100.62	151658	148248
59b6ed0fc804f352cf9a9d3fc0277099_02_K33	06	109.61	151658	148248
5a099ea8260c41e2532619ae0fbfa8d6_02_K33	08	83.51	151658	148248
5a90271e3a6125fb0f4f07bf6b8cb719_02_K33	06	104.92	151658	148248
5aa079a6748ac70d23c0c03657bc1e81_02_K33	18	99.8	151658	148248
5ae2f7ecfb615a7140fbbea19e9d3eb6_02_K33	06	90.26	151658	148248
5b27e78edbed7486fb0a4b4c1b87a3ca_02_K33	07	102.3	151658	148248
5c0e09b50a180181f76fa8430193e942_02_K16	07	90.26	148248	151658
5c63a1ca0039cdf1ba34c58963f605e8_02_K33	07	110.59	151658	148248
5d149e3a1d140a4575a47701fb0e3f9b_02_K33	07	105.83	151658	148248
5da86853e2d26c465b620969c16d65a4_02_K33	07	113.67	151658	148248
5db443656c5c62e806cf37bb117088d1_02_K33	08	81.84	151658	148248
5f8712f8f66038f4f019d155d74aecf7_02_K33	08	118.04	151658	148248
6034dc3ff5adde756ca74550e96e4e29_02_K33	08	119.18	148248	151658
606f2c6f78a49ab72d8fa69a9bd59ef0_02_K33	07	114.73	151658	148248
60856cb39737595d6bbc9a985a9c0738_02_K33	08	118.04	151658	148248
6099a254beeaed7e2ea9763c4d58fead_02_K33	08	112.62	151658	148248
6114a661f01c28db9f0f89bd11fa572e_102_K33	05	97.43	151658	148248
6132a813f8ab1a37a17a8a68a9777dcd_02_K33	07	90.93	151658	148248
621ec4b86c6a7c451b4b8cc19edc98c5_02_K33	08	108.64	151658	148248
62868fbb0f0e9053cee79ff098009d13_02_K33	08	119.18	151658	148248
62ba5614595a2d221c4f1a1ea1a0842a_02_K33	06	104.03	148248	151658
62f1b5bd5968723948d81718a26c9157_02_K16	06	96.66	148248	151658
6314fc82629b2d201f776a88f3691af5_02_K33	05	100.62	151658	148248
636b586f8d166e1b45c4fa0652cd3b14_02_K33	07	112.62	151658	148248
63f82ed355f3a9eccf0ee18107a1c589_02_K33	06	112.62	148248	151658
649c5f6908983ee6cb226d4e67a7428e_02_K33	18	118.04	151658	148248
64c93254d6070055b18f91b6b99947ce_02_K33	18	109.61	151658	148248
64d60cdeafa7935a912c21db7a58a467_02_K33	07	105.83	151658	148248
6510f9a29ceaa14722883a574dd2ecf4_02_K33	05	84.66	148248	151658
6527553d124f39a64c1f2bcf1e369722_02_K33	07	80.76	151658	148248
653a8d1f0ab4e7263b2833def073f51c_02_K33	05	119.18	151658	148248
655782d1406b9db5956bdd7a197a5fa7_02_K33	08	111.6	151658	148248
658978fd6dba1ddaa293a3ce4b80a5de_02_K33	07	113.67	151658	148248
658b74211415fa940dc653dae123ae14_02_K33	07	104.03	151658	148248
663d2c89984f9946a15671527746f7b8_02_K33	05	85.85	151658	148248
668306d343bfadace33ee841b59c777f_02_K33	08	113.67	148248	151658
66da4418f0942c19642686d467601b16_02_K33	18	115.81	151658	148248
66ea5419be8aaefc10b9028138d266aa_02_K33	08	82.39	151658	148248
67019aa5678208444d7690a9c1cef6e7_02_K33	07	107.68	151658	148248
67af27fc1fc8ebe939016af6a11a418c_02_K33	08	114.73	151658	148248
68044700f63ca9418d7a1bbe305d02e8_02_K33	06	90.93	151658	148248
6832a71e7b494f0bcff6726f8f28319c_02_K33	07	111.6	151658	148248
6848f102ac7cd142e0080e2239dc3c44_02_K33	06	105.83	151658	148248
69069ee4636e43cb75acb92066974344_02_K33	14	81.3	148248	151658
6a53ef491813d922cf5866175a45c9a6_02_K33	07	114.73	148248	151658
6ad344913717d7a60326c268a8d45f43_02_K33	05	90.93	151658	148248
6b5409133b7684209e629f97a4e39eac_02_K33	07	111.6	151658	148248
6c10d64af33a83a1bcf718431c43a642_02_K33	04	87.06	151658	148248
6c4fc3c0926d3f5efdb9bcccc72253cf_02_K33	07	91.61	151658	148248
6c61999ee0578cb032c183709efd752f_02_K33	06	100.62	151658	148248
6c732b24862a5b97192c5029dddf611e_02_K33	08	115.81	151658	148248
6c9aa90ea671795ac390ae4ccce9cd54_02_K33	07	116.91	151658	148248
6cd36d0292e533f4afe02ca0aaa01137_02_K33	06	109.61	151658	148248
6d2965b6c567f75e32ccc0d7665cf13a_02_K33	07	99.8	151658	148248
6d39711f68c655833a2ecc2d816f6540_02_K16	08	93.71	151658	148248
6d49f95a7b0c0f57b3479acdd02b9136_02_K16	08	92.3	151658	148248
6db8c7e13edbf2b6a535e6f0f36be57f_02_K33	08	116.91	151658	148248
6ddea803ed48b9f75af5dea206408b17_02_K33	07	104.92	151658	148248
6e0fb32809d547198f98cbbfb479355c_02_K16	06	94.43	151658	148248
6e24bd6969e7a5de309dbe937d5ad3cc_02_K33	06	112.62	151658	148248
6e5e49597807d704df28fbd03c5fde21_02_K33	08	113.67	151658	148248
6ed0be177a5b7d3222d291dff54c2017_02_K33	07	99.0	148248	151658
6ee20487f9e984e365b2ab45c7763a48_02_K33	05	101.45	151658	148248
6f3ab222bc62c8c78eb9777f5db9521b_02_K33	19	118.04	151658	148248
6f7f04268f4c9bb016ef3f3a45c2d51b_02_K33	18	111.6	151658	148248
6f8db9142155e9f9c0322f66d905ab5c_02_K33	06	112.62	151658	148248
6faafcde642c1a705931c9f40aef8ae2_02_K33	07	102.3	151658	148248
6fc9ac16b41bc21e4f082696ba8c3724_02_K33	07	119.18	151658	148248
7022882dd39f7835721650f9d2ec64d4_02_K33	08	97.43	151658	148248
703e596095e262911a3b2a08251f03eb_02_K33	08	115.81	148248	151658
70c615dbdc83db1815dcd1d11b6b3398_02_K33	19	105.83	151658	148248
716adc026ecee58d93d3bc353ba888d6_02_K33	08	109.61	151658	148248
71d2e4967ede639e8a32c1c547dea86a_02_K33	07	116.91	151658	148248
7207e0e2099765046accd91975eda425_02_K33	07	115.81	151658	148248
7209962fded21aa70082830bb6b6e345_02_K33	06	97.43	151658	148248
7220862b11581584ab66d122760d1810_02_K33	05	111.6	151658	148248
723fec6a979d1d23f32afdf8a94f3c0c_02_K33	07	114.73	151658	148248
728cae404e0af40637333eacb6115108_02_K33	14	93.71	148248	151658
7295e07b6f7503ba5e666785223e4589_02_K33	07	109.61	151658	148248
729e738506be0fdfe8f428ab0917cf8b_02_K33	07	112.62	151658	148248
7346ad8f4eb1211d0b7256303bf478b0_02_K33	07	93.71	151658	148248
737f2c74c987d81006d59f6a5cb4a450_02_K33	08	112.62	151658	148248
749033655ac631c7ad0b46e29bd2d997_02_K33	07	104.92	151658	148248
749ec263644d9c8d25104cb1fb59a7b2_02_K33	06	113.67	151658	148248
74c68ebe02d8ba98084c06df30bdaacd_02_K33	07	87.69	151658	148248
755ae6d24cacbbffd1532669bb32f4c2_02_K33	07	116.91	151658	148248
758f682a9272865e3c518458ab8f3efc_02_K33	07	105.83	151658	148248
75c7fa79f57f14eee746487acda4d541_02_K33	06	93.71	151658	148248
76058bf18e0f3e1335b15e44947685f8_02_K33	08	116.91	151658	148248
76304a0d60510e9e4c6ce814144fac79_02_K33	07	108.64	148248	151658
768115b1452694d0be7b2143770b0708_02_K33	08	114.73	151658	148248
7687e71e3b1659fac1672f104d967435_02_K16	08	107.68	148248	151658
773d1be88517970dda4b1386c7f9a5ad_02_K33	14	119.18	151658	148248
77941b72edaed6f6673b2105b445f8d5_02_K33	06	114.73	151658	148248
7796076bfad9abb059df8a4189a08139_02_K33	05	105.83	151658	148248
77e3e4b7704037064a68ad788d4319d3_02_K33	08	99.0	151658	148248
77e885784681c260ef36e866872253cc_02_K33	06	118.04	151658	148248
77fa59ba32ad5227fccbd26ebb0fb427_02_K16	08	93.0	151658	148248
785ec9305b95fa581c93f5fdccd00f84_02_K33	19	110.59	151658	148248
788e9c9244d239ffa9290fd67f53ae01_02_K33	06	116.91	151658	148248
78c4f2f3e1a062b7a6c401cf87295bde_02_K33	08	118.04	151658	148248
79584ac1a6b8d395feeea6435d4c2d08_02_K33	07	110.59	151658	148248
7a0efeb952a8ea589a74bec85e8e88b6_02_K33	08	107.68	151658	148248
7ae9ea1c6c883c9d1591a1f29ae06c85_02_K33	06	98.21	151658	148248
7b131b2bf8c9e2d329933b06b2e55983_02_K33	05	113.67	148248	151658
7b183302a2f59053ff70da44c925cf88_02_K33	08	111.6	151658	148248
7b1a82e309ac44ebf96c9c81e9a8bd8b_02_K33	06	99.8	151658	148248
7b46be3aca3fdd7ef0da1767f3e0bd25_02_K33	06	119.18	151658	148248
7bfcba73fc624f7fb95ad3091d78b2fb_02_K33	08	99.8	151658	148248
7c0b41ffde01bec1c6eade18c5e79fd9_02_K33	08	112.62	151658	148248
7c4e440328e94b244d7e47c2cd0441f2_02_K16	08	82.95	151658	148248
7c51c0c16ecfe1bdbaca4dfb4c917d65_02_K33	07	109.61	151658	148248
7cf41e9133468c4f19b9e3fcb4e1ae16_02_K33	07	103.16	151658	148248
7d00d7a368f289637d99effbb002b1c8_02_K33	08	114.73	151658	148248
7e287bd959dd5319b2ffaba578db15ac_02_K33	08	95.16	151658	148248
7e79fd087f7c0f5cbd9ff5ae7972e7f9_02_K16	05	79.2	151658	148248
7e82f3c60854a7ab570e630ea9b6ee9d_02_K33	06	114.73	151658	148248
7e99f81f1d90fb083101425f1afe1f08_102_K33	07	103.16	148248	151658
7eae928b2370799477e0a3cd9a4b8e94_02_K33	06	101.45	148248	151658
80a6ef29d0ce0200c3317c85a6242f19_02_K33	08	106.75	151658	148248
80d0cfb80fd4c8fcbb375e6ad67f270b_02_K33	18	115.81	148248	151658
8118bbb5bed72bb3fb1262e48028ccd8_02_K33	07	113.67	151658	148248
8151f0de80cd5ede6133412851c5549c_02_K33	06	98.21	151658	148248
81d6b96ee20d9f9ec2965ec332f93966_02_K16	08	86.45	151658	148248
824c2bd988367fbd3d7fcd36b9392af4_02_K33	07	107.68	151658	148248
82c354ebd284574057b8a0d25137d306_02_K33	08	111.6	151658	148248
82d773ffa6c053fae47334230c9472cd_02_K33	08	90.26	151658	148248
82db7e504b2b6d16f8dd5a4336834e53_02_K33	08	115.81	151658	148248
83938491f1fdfc732c7d9d41a03d7a28_02_K16	08	95.16	151658	148248
83c3a14427d7d7de0a1d82478c2bec47_02_K33	18	114.73	151658	148248
846b13ccb0609c8a19078de5b6619354_02_K33	08	100.62	151658	148248
849b311bc5baa6993374bf86d8a15cec_02_K33	06	106.75	151658	148248
85493aad0fc4a49ac11f9d920aac239e_02_K33	05	116.91	151658	148248
85544fb0a79a4a034ec599cf3c68303f_02_K33	05	118.04	151658	148248
85bc9362bdbbf823fe7d5a9e2478bf7f_02_K33	08	100.62	151658	148248
85e99b5785c351ebcbdc0b4985e46892_02_K33	06	119.18	151658	148248
860c6f85e23821ad4d1cba149e7443d1_02_K33	08	110.59	151658	148248
86f1ebb89913442219b554847c0817b4_02_K33	07	109.61	148248	151658
87323e76bdd844711ca4020b8d8be451_02_K33	08	111.6	151658	148248
87f94c4d4c894afad19b1c1795fbdb3e_02_K33	18	109.61	151658	148248
8813eda5e4de63f8c86d5bc31ee594ec_02_K33	08	115.81	148248	151658
8853cdb264484276e14f7039984378a5_02_K33	08	109.61	151658	148248
8878911fe3b96ba3d85f05aea630efee_02_K33	07	71.79	151658	148248
8890ea8a9579c9fdd6ff3cd03131ee82_02_K33	06	98.21	151658	148248
88f4773e05bc6a2c30dd47e35b9cfb50_02_K33	08	110.59	148248	151658
8956b853e91e6bfc7c776df037501201_02_K33	06	113.67	151658	148248
89784cc7be73d50cd47b9e890c83df05_02_K33	08	109.61	151658	148248
89c7b8416dc53b82b37efcd80961f631_02_K33	06	90.26	151658	148248
8a0913682b605ebd018a752d4232dca6_02_K33	08	96.66	151658	148248
8a2a9a015528437203fed6959a54bd37_02_K33	07	104.92	151658	148248
8a8b06125c8bde94b56e50cf61748cb1_02_K33	08	116.91	148248	151658
8adf653b58359b800e1cbf8d8c63dfb6_02_K33	06	80.24	151658	148248
8b201fb113c812111c6ba9db1c58223e_02_K33	06	93.71	151658	148248
8bce656432bea88ed69a6b93fc93a64e_02_K16	05	79.71	148248	151658
8befa2420165e8aa253f4fc87a57e5c1_02_K33	07	103.16	151658	148248
8cef645a5b9def71679e083873f66973_02_K16	08	95.91	151658	148248
8d648f9fa9f394893f030cd5f6c09d44_02_K33	06	93.71	151658	148248
8d7ddcef10031a2faeb7de6695923490_02_K33	05	93.0	151658	148248
8d86bd5b16d16670053546ebaad3deb7_02_K33	08	118.04	151658	148248
8ddc5408ef322b05810bf30e18eae52a_02_K33	06	99.8	151658	148248
8e3f956e5cb4118c68debac699484516_02_K33	07	118.04	151658	148248
8eac454c5b7193c0fa376b4531fab682_02_K33	08	101.45	151658	148248
8f4778d2b04df9bad6697dd92a242625_02_K33	07	104.03	148248	151658
8fbb86e22931084b5af73044e6e70013_02_K33	05	111.6	151658	148248
9028cb7d80f7aff0549b109d0da8c161_02_K33	06	110.59	151658	148248
9065360c19174835cee1cbb1c074197f_02_K33	07	106.75	151658	148248
9076f8776e826a79ba5f790b9b3d27c9_02_K33	08	119.18	151658	148248
907bdf28e216acfcf200370e68a9ce6c_02_K33	07	113.67	151658	148248
9135f9f0d4b477d9e30eac427490a951_02_K33	06	118.04	151658	148248
913db4a4e9665d6dfa6264c32965c20a_02_K33	07	98.21	151658	148248
929ee983e536e15dd11c1c61fbfefca2_02_K33	07	119.18	151658	148248
934631fb4e01bd5792e595c0ae3c56c8_02_K33	06	109.61	151658	148248
939e7d3c21ef38053bf7506c28dc1950_02_K33	07	110.59	151658	148248
93c1f3d163a63290d374145e9a49cc97_02_K33	08	93.0	151658	148248
93fb8b5c5836c805231395d9cad09e76_02_K33	08	119.18	151658	148248
940cf762d6d296b5e12544ad0b31e867_02_K33	07	99.8	151658	148248
94c580805483bb95963ab42a7a3bb288_02_K33	07	112.62	148248	151658
951ce1fe3dc4ae6a261439ab0948ea13_02_K16	08	100.62	151658	148248
9657e24eba20197fe827db6632a18205_02_K33	06	102.3	148248	151658
96f905f2e00e0a37ba6324e7cae223be_02_K33	08	102.3	151658	148248
971efe32cb0fc4aad6d091f79477a418_02_K16	07	91.61	151658	148248
972d948d0cc8a83851fefec301d2061d_02_K16	05	81.84	151658	148248
97ec8c5b9abb197d3b71fb2c036b4c06_02_K33	08	118.04	151658	148248
9873c8320f1d54fe29d5e93a8ed017b3_02_K33	08	111.6	148248	151658
9895b90b3d10eee8953c276c596cfee4_02_K16	07	95.16	151658	148248
98e9fb25fb899ec75ff5b61dd65e0df1_02_K16	07	72.21	151658	148248
98eabb7a02ce083c275090b9c5d72aba_02_K33	07	84.66	151658	148248
994b80a475a44fafb66af16ad13bcf6f_02_K33	14	104.03	148248	151658
9a3c624f83686ad60c8c917ce078aff1_02_K33	05	104.03	151658	148248
9a76192db60cccba4c0bbdc6d6a01e7a_02_K33	06	96.66	148248	151658
9a8f974490f97130a89235eaa4e42d53_02_K33	06	118.04	151658	148248
9abf293d6ccccc4030cd693c2ca46047_02_K33	08	105.83	151658	148248
9ae41370c44e1aa59eca071325fda50c_02_K16	05	84.66	151658	148248
9b537823546abebdb2db369e10e94c68_02_K33	08	104.03	151658	148248
9b83dfb1c40a16930cbacb776f6703a8_02_K33	18	114.73	148248	151658
9b8b3bf5f2a17d280039af5c5fa7e24e_02_K16	07	93.71	151658	148248
9bd3f538c70e8ca6203ceede7217ab90_02_K33	08	114.73	151658	148248
9d2da84bde9768efa0871f4e85392f4b_02_K33	07	99.0	151658	148248
9d5600420b3508025cb9e263ee126bca_02_K33	18	104.92	151658	148248
9d88250bf1053bf1bbe8161193944ea2_02_K33	06	107.68	151658	148248
9e40506cbf0d204c9bde7accc9ddc851_02_K33	08	110.59	151658	148248
9f853f90a3ce92cbe0604b5e17003594_02_K33	06	99.8	151658	148248
9f9a7f1cf1fc21dbece85abea80dc91e_02_K33	18	94.43	151658	148248
9fe0eb6f7d6c824b86039b56a65f73f3_02_K33	08	113.67	148248	151658
a0152820c256ada67bfec052fa974dec_02_K16	07	93.71	148248	151658
a097159437381a181cbc083b8e2e21e2_02_K33	07	97.43	151658	148248
a09c8faea4f172bac2edb726095a9da6_02_K33	08	105.83	151658	148248
a0be80354c791a9ffd43038087d21567_02_K33	07	95.16	148248	151658
a10511bf1f547e48cb75cf21049feb9d_02_K33	06	100.62	151658	148248
a15c54b2919258abf6923109ff3bf1d4_02_K33	07	113.67	151658	148248
a15e73da7b666c4b1dde7062c2d83594_02_K33	07	111.6	151658	148248
a1f6d9809f044e642132a9c15da70a27_02_K33	08	95.16	151658	148248
a21c6d46f810f8c0d6ed62201d0967e6_02_K33	06	85.25	148248	151658
a2360ffca83a5a37c69b7296d7c5c260_02_K33	07	106.75	148248	151658
a26b2f916a2b5972c1f206abc24d7e3b_02_K33	08	88.32	151658	148248
a293a7a38ec29c0cdcea4d6fe482b3c9_02_K33	06	100.62	151658	148248
a2e66e96e9fedf2cd7713e2b6ccb5cb4_02_K33	07	114.73	151658	148248
a2f0035c1ecc2d80566ef8cf707fc34b_02_K33	06	98.21	151658	148248
a3061b53a9ac104583c80fb4275aafd7_02_K16	06	92.3	148248	151658
a3221d4b011b59a9a7bd6ab083ad0ce4_02_K33	14	103.16	151658	148248
a3f21c4c1ef095c45ca603fc499c8559_02_K16	05	95.91	148248	151658
a42ab4346fe7e21e69c2bae69bc40552_02_K33	07	101.45	151658	148248
a454f59ad0bdcd3eaa64c9d15178638e_02_K16	05	100.62	151658	148248
a47a4d558ee1e3c69261c2cddcf72cc0_02_K33	07	112.62	151658	148248
a50c3f3c344f8f37e78004152a38e7a1_02_K33	19	98.21	151658	148248
a51b38c664a10d903a8f8164fb0f3f63_02_K33	07	118.04	151658	148248
a98e26aa6ffa8af714a76c65d57a4c95_02_K33	06	111.6	148248	151658
a9f338599f8ea34f0d43c364de77901f_02_K33	07	112.62	151658	148248
aa24de15fc0d47528a92ada08207a13e_02_K33	08	109.61	151658	148248
aa364908680fefc8ec9969b144634730_02_K33	07	99.0	151658	148248
aa42df26b5b1d935ace5899a5153c3af_02_K33	07	115.81	151658	148248
aac64f1e194a8fdb323c2e47349cf2bb_02_K33	07	99.0	151658	148248
acd8d196b82cb8bc92c214a5ac45ac14_02_K33	06	109.61	151658	148248
ad2a9bb863762f3a35b9e528cbf86b77_02_K33	18	90.26	151658	148248
ad9a588238c289139a85fadc615ef1f8_02_K33	07	110.59	151658	148248
ae76b748a462bfdcd18fd3400000973f_02_K33	07	98.21	151658	148248
ae84e3658b2fa1742bd88661c6424d5f_02_K33	07	84.66	151658	148248
ae910b4d6dbedb0a3a8d3aeef1778d59_02_K33	07	119.18	151658	148248
af0d128c7d02505e598d701fb9bb25b1_02_K33	07	88.32	151658	148248
af144b28b4a0c420672336f356c56e72_02_K33	18	95.91	151658	148248
af55b8c8a05f53e6af11278a4444f510_02_K33	08	93.71	148248	151658
af5daf833b1cf14e0b7ebd8a5704eaca_02_K16	07	86.45	151658	148248
afb89649c5017374fde7edde0c2f2f1b_02_K33	07	112.62	151658	148248
afc7a1bb0e29213e9a02e2e1a07b353b_02_K33	08	98.21	151658	148248
b013ecbdda4e080e2c2e70802ea2e020_02_K16	07	99.0	151658	148248
b03911a9dfb30e4aeafc31ca2129db35_02_K33	06	93.0	151658	148248
b156785efd4ec1b01dc69802d3b3d516_02_K33	05	94.43	148248	151658
b17de1e29120aa04782659973113f51c_02_K33	07	96.66	151658	148248
b1a346de9c759c93a1e4c88ab0330cd7_02_K33	05	88.96	151658	148248
b1a662df8f801968fdb5d185004a3522_02_K33	07	110.59	151658	148248
b1bf4a5950cd65b1cd640cfa9a037055_02_K33	06	81.3	151658	148248
b202e8a4fa50ce4f7ed71b8056ac5f1d_02_K33	07	112.62	151658	148248
b24737cd03b7a158e284a3bdd2203a56_02_K33	08	101.45	151658	148248
b27ea32c37205bf442f48e869179aedd_02_K16	06	99.8	151658	148248
b293444752fa9cd707b729f28e97db80_02_K33	07	114.73	151658	148248
b31b116436cbed6d0414b66ae5c7ad27_02_K33	08	119.18	151658	148248
b3c2ab41f5e06fac6a883c8d1f31bcb0_02_K33	13	80.24	151658	148248
b4088a2b4a7b45963a0e867ccb069f17_02_K33	08	114.73	148248	151658
b447dc5d69caee639ea3a3d06f4260c2_02_K33	07	111.6	151658	148248
b453e9a9d66dedca42d70a841cce1678_02_K33	07	119.18	151658	148248
b478abf4c10e60f6ec1d7a2001f34191_02_K33	07	118.04	151658	148248
b4b73ca0b4e114890bdd117e88ed85ee_02_K33	08	119.18	148248	151658
b4bfb69a64d8f8909a20faeacdc59eb2_02_K33	07	104.03	148248	151658
b4ede3c0c117eed44e93b641cb31fa47_02_K33	07	119.18	151658	148248
b5faf8f1cf60b128b28a981cc055162e_02_K33	08	112.62	151658	148248
b6196f5108c7ea96a788ce943a2b543e_02_K33	08	112.62	151658	148248
b63c1e4c3a1e3bc6bec9c11761410e0d_02_K16	07	93.0	148248	151658
b6509a6414d8832ead3b7e645b6b524e_02_K33	05	116.91	151658	148248
b65fb7bc70e2d45a27c2082f7bc5897d_02_K16	05	106.75	151658	148248
b6bca62457311bd787f8e3b262898b98_02_K33	06	115.81	151658	148248
b7ad9408353baefa7379d6746bffc6d9_02_K33	18	110.59	151658	148248
b7b706857523676d30857525cb820606_02_K16	07	78.19	151658	148248
b7ce84f8afdd54a266593b639193638d_02_K33	08	115.81	151658	148248
b7e8613343ece0fa0476fd336ac5ca19_02_K33	18	95.91	148248	151658
b81ac8c4ca901d34d088f51c46833d76_02_K33	06	99.8	148248	151658
b884051c509e9472858b392e17a6ee3d_02_K33	07	111.6	148248	151658
b8c4a8dfa752175c839f0e27935b59df_02_K33	08	119.18	151658	148248
b8c7392bbe88511f600be7b95095ae88_02_K33	05	81.84	151658	148248
b92fb4d702f4117500182e035ff6b084_02_K33	06	111.6	151658	148248
b956f0c4e0d52a7baff48bb6a3b201cc_02_K33	07	113.67	151658	148248
ba7314774b11b2688e5330506a4fb952_02_K33	07	98.21	151658	148248
bbe1ccfbbe0eeb6b972ab45e272b54bb_02_K16	05	88.32	151658	148248
bc57b65467b4c170445325f72be8d5cb_02_K16	06	104.92	151658	148248
bc9540a02ba0f14a9f53c85e16521a75_02_K33	18	106.75	151658	148248
bcbadd553b8e59109b99a12a972e656a_02_K33	07	99.0	151658	148248
bd99c93313857656a588f210f6c88255_02_K33	06	95.91	148248	151658
bda59bd69a208e0c8b6ce4a7ccd17067_02_K33	05	85.85	151658	148248
bdad2db75118683b040bc45598ae8e78_02_K33	07	96.66	151658	148248
bfe93cc2af2aa99a055209ed9697d15b_02_K16	07	95.16	148248	151658
bff8b03ccd74991d77a6cd5338dddb6e_02_K33	06	105.83	151658	148248
c026f605a9cf5ebe78054ba870b18174_02_K16	08	93.0	148248	151658
c109899636fd106166dd981d0d3960cd_02_K33	08	97.43	151658	148248
c1cdadc2d7d81a08e11c5ead79cdb3c2_02_K33	05	90.93	151658	148248
c1d5bff6ad8decdce3538045f73ef4cb_02_K33	07	107.68	151658	148248
c20bc51967e64079679ee0d4c17cb6f6_02_K33	08	116.91	151658	148248
c23c276e75b82c4a276beaafa258fe92_02_K33	05	92.3	151658	148248
c292951ef96ccae5ee1c9603128c3cac_02_K33	08	106.75	151658	148248
c2cc2ca313ad0facb501f6a1f057c89c_02_K33	07	101.45	151658	148248
c3624868c94c2bdc4962ac2d59e04299_02_K33	08	98.21	148248	151658
c3c7d3ee8e311d3d2cb639be466f8b3d_02_K33	07	113.67	151658	148248
c45a0f008da8f21f983ff933f3bfe75b_02_K33	06	112.62	148248	151658
c48a1aba468f6adbdba1aeefa66198b1_02_K33	08	116.91	148248	151658
c4af528c5aff9c5b813d18cc395dea31_02_K33	08	102.3	151658	148248
c4b68f47508c0ca4199c31310827c777_02_K33	08	111.6	151658	148248
c4eebe74a1a5875d209d35bf9c381271_02_K33	08	89.61	148248	151658
c5ed95ac219d4d59a8416f8b10bdb371_02_K33	06	118.04	151658	148248
c62be0df3bdd78a8595cbca2fcc2d864_02_K16	07	94.43	151658	148248
c6b2568e42a7f3519520a16f883e73d4_02_K16	08	102.3	151658	148248
c70c00b47df31ec18ab4293aea0e83dc_02_K33	08	119.18	148248	151658
c75142161a1b69b57214c81f1daea55c_02_K33	06	83.51	151658	148248
c7751a21fe54ce1ac4983ae3ca6e4154_02_K33	07	110.59	148248	151658
c7c8201ecf0a4c57654098c6c611b02a_02_K16	05	79.71	151658	148248
c869b1cbc9e0c83e387c83a41a83ce6e_02_K33	06	118.04	148248	151658
c954a9749df5c1b7a9308f10d9dc4f50_02_K33	08	98.21	151658	148248
c971fd19d8681f62584134fd4102be02_02_K33	05	96.66	151658	148248
c9b6f1adab6049d561c785daadb6dd85_02_K33	06	115.81	151658	148248
caa9b21ac6fae53acb08c2b429f6496f_02_K33	06	104.03	151658	148248
caab30f770275e7edb064ada06284964_02_K33	06	99.0	151658	148248
cb326a3465a805ca053379703ac763cd_02_K33	07	111.6	151658	148248
cb58dcb1a665e7c23e12e894135ecddd_02_K33	07	101.45	151658	148248
cbb1b557d152369e5a22803fa7406220_02_K33	07	114.73	151658	148248
cc1e1865cde3509a15e1c40ea3d3a4d8_02_K33	18	109.61	151658	148248
cc35519db96dfe90d7786d6655b5ec48_02_K33	18	106.75	151658	148248
cc64ad2a7f3b8562a9dea2a21d9bc551_02_K16	08	97.43	151658	148248
cd51a1efc77e94b6ebf7c507fa1ab5a3_02_K33	07	119.18	151658	148248
cd9526397ed2158efe6707f17060cec4_02_K16	08	95.16	151658	148248
cdca76d40d1f034e241cbc0e1ca9b611_02_K33	06	113.67	151658	148248
cdce7c4e8dcae634108c35bf7b7a05eb_02_K33	07	93.0	151658	148248
cdd33e375ac521050d68a85b6878419a_02_K33	06	119.18	151658	148248
cded12ded49d39e16fd148da2e703989_02_K16	07	93.71	151658	148248
ce4039c8975f80503f0dc8ddbb8f877a_02_K33	08	116.91	151658	148248
ceeb1871d48185726fd508039f9b310f_02_K33	07	99.0	151658	148248
cf05579cf5e0d80f1f1e1dbf7b4e0e35_02_K33	08	118.04	151658	148248
cf3e779611cac88cbf679741a24fd337_02_K16	05	95.91	151658	148248
cf6ac739cbd51127b708018b63f0166d_02_K33	07	118.04	151658	148248
cfd4dddb663f2e9fa9a0ad0ea011ae1b_02_K33	08	110.59	151658	148248
d02105cdc46d793c797959da8d160104_02_K33	07	116.91	151658	148248
d0cec1af466a62a229708863fd0bfd2a_02_K33	07	104.03	151658	148248
d0da8e0db83382013947f2c297fbfb43_02_K33	06	104.92	151658	148248
d0e8abe2a1ceac1f613f50f0c2d5cf90_02_K33	07	114.73	151658	148248
d1f19eb43b58cc84e9fcb9b1cb8ab55c_02_K33	08	99.8	151658	148248
d217508b7216d41e4b6fb10e23115bf6_02_K33	08	113.67	151658	148248
d25e3b97e03e6493b19c144c0d272b92_02_K33	06	88.32	151658	148248
d2925775e80f13bb5dc25f9fbc712deb_02_K33	07	88.32	151658	148248
d2bb0cddb7b1a7744b21529c17b54996_02_K16	08	95.91	151658	148248
d2f35392a18f68eeac58d563793d8919_02_K33	18	100.62	148248	151658
d375760f969bccaf3ed7bb5984f09e5a_02_K33	05	84.08	151658	148248
d38a5cba5c30a2753f20ca7f8511a2a2_02_K33	08	119.18	151658	148248
d3bb827c1374950ab24368c3df22cf12_02_K33	08	112.62	148248	151658
d3c756b88316e0a80d65c5542651b2d9_02_K33	06	107.68	151658	148248
d3d1d70eab85ea526c1628995d26dd03_02_K33	18	96.66	151658	148248
d4b8b1bcb9fa120022cea28868761c90_02_K16	06	98.21	148248	151658
d4ec73bcb420bfab1ad4a51f23b32cbf_02_K16	07	85.85	151658	148248
d52dd4fbc131b1c08f920ab348ac128a_02_K33	07	114.73	148248	151658
d531b8b320adb4f0c08c4befb89d3416_02_K33	07	112.62	151658	148248
d5aef2619824868efc44fa9a8ec4610e_02_K33	08	110.59	151658	148248
d61633a56179e4c2b5841b5c90f6be6e_02_K33	05	84.66	151658	148248
d6be8d4d2265bf35f79ba543634375eb_02_K33	04	90.93	148248	151658
d6d34208c1ad00a8fcedf093c9e3df44_02_K33	08	95.16	148248	151658
d72c1b97b65b4451e95428763f79b847_02_K33	07	118.04	151658	148248
d7b7084165e1354d7b2285a596a501d9_02_K33	07	118.04	151658	148248
d7f897fa5cb4482ed5d17ae83aceb0f0_02_K33	06	99.0	151658	148248
d8d3d553c55e806c0c416e4d14ccc60b_02_K33	08	112.62	151658	148248
d8fab9765a533539a314f106393c4590_02_K33	05	118.04	151658	148248
d95b38e755ff340786a239d7c0703d23_02_K33	08	109.61	148248	151658
d9bc9dc9880ab710515ba1d565816bfb_02_K33	05	101.45	151658	148248
da1dd6c3f39a0e44c0f14db3dba2994b_02_K33	18	109.61	151658	148248
db4e10c241c494237a7defe734cc2f1d_02_K33	08	98.21	148248	151658
dbdfbf5d56d360f7d2e7eca1772ad508_02_K16	08	95.16	148248	151658
dc55db75cec58e4972ef943d02a5d629_02_K33	05	116.91	151658	148248
dc5cdbc7bb776ff108cd0da46a75a81f_02_K33	19	83.51	151658	148248
dcb15f5209169f82fb6f1d7241d8d536_02_K33	18	119.18	151658	148248
dcc68215b20a4ea0662c0dbde932ded2_02_K33	08	98.21	151658	148248
dd1e192644dfffaa6eaa6a78f939c28b_02_K33	07	111.6	151658	148248
dd4b90ec0c96524538ee0cb32a813a18_02_K33	07	114.73	151658	148248
ddcd88155844cd4474e8f9367f6d5617_02_K33	08	116.91	151658	148248
de431225ed8276c29a936f3ccd8c9c21_02_K33	06	100.62	151658	148248
de4c30fc2641b8ad3b0abcc14037c8db_02_K33	07	101.45	151658	148248
de58033ea479073a6358acd3c05f7e06_02_K33	08	98.21	151658	148248
dea95aa5017a21a66a200e21b0730a27_02_K33	08	104.92	151658	148248
dec98a73ebf4dd600c403ee379b93e7b_02_K33	05	80.76	151658	148248
ded2d9ac71cc62a7df5762f824d9eac1_02_K33	08	107.68	151658	148248
ded76e6680bd9ab941f89f0f311d037a_02_K33	07	96.66	151658	148248
df05180334f7417a331368739c16ac4d_02_K33	06	80.24	151658	148248
df7b12e78f2cfe2ed145adcf6e516e0c_02_K33	07	98.21	151658	148248
dfea8318b3129b747be8faf880c3e246_02_K33	06	99.0	151658	148248
e05cb82beaecfe3502776896a6285c8e_02_K33	06	105.83	148248	151658
e079fe981eb7e61786e258afc71c3f56_02_K33	19	68.97	151658	148248
e1237d7a81f195e39209a2c6aff8021b_02_K33	07	111.6	151658	148248
e1d64b6517902b8e92a75163c2510494_02_K33	07	116.91	151658	148248
e204e1d6eda66b701125f8627be1263b_02_K33	06	103.16	151658	148248
e2662d864ecaf002a8c8494f6a373268_02_K33	07	104.92	151658	148248
e2a34ca2da7c47279b15b158875db7e9_02_K33	07	107.68	151658	148248
e2b215cb265b0c86564afa9be0e369dc_02_K33	08	99.0	148248	151658
e30feeaddb88a45e8875c66cf5783c22_02_K33	08	116.91	151658	148248
e32530f8e5d2f704845c3a0e13c48fd1_02_K33	07	98.21	151658	148248
e48c2e0e0977e8b673a9c4dfe5e43986_02_K33	08	107.68	151658	148248
e50e77c1cb25fb8642df9a8fe00d75d3_02_K33	08	108.64	151658	148248
e5daf12a95eb59a3d9b0ed11aba4f976_02_K33	08	99.8	148248	151658
e6416f30f423e58a7374b1efe473fbc4_02_K33	06	99.8	151658	148248
e724abc9c09b3bc977d63eddd110b057_02_K33	08	118.04	151658	148248
e7dd2f20a6d80b27530ec3c6eb3a9934_02_K33	06	114.73	151658	148248
e8407dd2abb66d2dbe40d62fdff48413_02_K33	06	114.73	148248	151658
e8fd3e1583d08d258ff0a21f05eed49e_02_K33	08	115.81	151658	148248
e90acfa1341e18d5b37683ead17b18b5_02_K33	07	104.92	151658	148248
e959725b1066a0b5c08e71f121b283f8_02_K33	05	114.73	151658	148248
e9781d13a8c9e32ce01787ca0b1528f8_02_K33	08	98.21	148248	151658
e9b609ed31ebbfefdc3aae9ce8b6799e_02_K33	07	115.81	148248	151658
e9d804456486b0477f058ea7016f659a_02_K33	08	103.16	151658	148248
ea099f7f9afda443a84bdfd92947d7f6_02_K33	07	110.59	151658	148248
ea46bf7345d193e2ae8c16a58fc06ddf_02_K33	08	111.6	151658	148248
ea8f4271359764fc71312e8e581d5a7a_02_K16	07	104.03	151658	148248
eaf7828e418aa91c79135fad057331bc_02_K16	05	93.0	151658	148248
eb5aa9cd1966db5638e503999cb2fcfa_02_K33	07	91.61	148248	151658
ebe0aeba9e561b64db92129d6b549c15_02_K33	18	101.45	151658	148248
ecc3d7e8145e69ba05ba1c6847b153ba_02_K33	07	118.04	148248	151658
ed3988e4dbe7baf6767799030317b74e_02_K33	07	95.91	151658	148248
ee6471bbd0f1af96c5798ecde39be043_02_K33	08	96.66	151658	148248
ee7616121b70ca2e9fe9925ed1d0ccf1_02_K33	08	94.43	151658	148248
ee954c068ae6a4fcad16f63966a63f1c_02_K33	07	88.32	148248	151658
ef596dbb991cc4065beb8d61b65600d1_02_K33	08	99.8	151658	148248
f04aa6fbed2ffc2b4f838980ed54b7f0_02_K33	08	109.61	151658	148248
f06aa777f77572bf63c2f6e1e4fd5807_02_K33	06	114.73	151658	148248
f0bcbe8402a6cfb883354480a36a332b_02_K33	07	113.67	151658	148248
f0c5b42ddb94d2ddd72c9139d91f3ef4_02_K33	07	114.73	151658	148248
f11ac6a30b1f91931a1f8269005c70e8_02_K33	18	101.45	148248	151658
f12ebdeae030418f98fc2d6fe4e23920_02_K33	07	109.61	151658	148248
f14c099096ec91560bf1f418e261a258_02_K33	07	115.81	151658	148248
f1c381aac05d284f74f709b835776ff9_02_K33	06	96.66	151658	148248
f1db3ded1ec582c421fe93af32c2beb6_02_K33	07	114.73	151658	148248
f1eaf1cae6c446b2fde6278eb239d205_02_K16	05	84.66	151658	148248
f22f60e44791d0ff83b72cb0db96e7a4_02_K33	06	106.75	151658	148248
f273d8a58bd80e2c97e7dce05a724ae6_02_K33	07	107.68	151658	148248
f28619288fa0e102a5b759645cde60a4_02_K33	07	108.64	148248	151658
f2fcffcbb1ccf41de4c829a68d2221cc_02_K16	07	91.61	151658	148248
f30056f1161b2b94d2f703b203e16ae2_02_K16	07	97.43	151658	148248
f34ad04499b87df26f2b00564ddaf818_02_K33	06	116.91	151658	148248
f35c52018aa8413d16b259fb5c3e2aba_02_K33	18	111.6	148248	151658
f3b643522c824302a674a5f5b43ef3a3_02_K33	07	118.04	151658	148248
f3eb4f549f2f4b90b7f98bf3cd955eac_02_K33	06	111.6	151658	148248
f4047357c25df72d490028682ad5210a_02_K33	08	82.39	151658	148248
f478eb870fe600512da13fd2759cc98a_02_K33	05	89.61	151658	148248
f483628c915f0fa9a86d86999d7928da_02_K33	07	103.16	151658	148248
f490a3a3605cc7066cfed21370b0534a_02_K33	06	90.26	151658	148248
f4e1958dafda2b1d79147bae04b65895_02_K33	18	98.21	151658	148248
f52ac22e603e6b3b0ca531a07a72a332_02_K33	06	105.83	151658	148248
f5ca7d2c383995088e679815c348d548_02_K33	06	104.03	151658	148248
f5cd3d7de283cd5a9088a1ffe69acfa2_02_K16	07	99.0	151658	148248
f60543d4ce4b80c2c719cb8403b86d4f_02_K33	08	114.73	151658	148248
f60afa6c6e406fd79d063bd8281a4859_02_K33	07	82.95	151658	148248
f6761969ff93d16748be7b28f415a120_02_K16	07	99.0	151658	148248
f71b2de3d06f2d75ccc3f4490fec1cdf_02_K16	07	95.91	151658	148248
f74b928c9b13373f0eb9590d99ebd5f1_02_K33	06	111.6	151658	148248
f75a467341c1bb015cbb5eb48905b8e6_02_K33	08	105.83	151658	148248
f76a9ea7c5dbfcf7dac5e7e8e883d63a_02_K33	07	119.18	151658	148248
f978adeebf9147cbc9af2ac7342b5625_02_K33	05	76.72	151658	148248
f9c8c036cef2a268b4702af0faba638a_02_K33	06	97.43	151658	148248
fa204e5b72d0631ff22b0e846298a3ac_02_K16	08	86.45	151658	148248
fa891af724a0041f0203eef0ad308e84_02_K33	08	95.16	151658	148248
fab9ebbfb417cfd13a178ffe3872b463_02_K33	06	110.59	151658	148248
faf5c94bb1aa7c87f5230764035605b2_02_K33	05	97.43	151658	148248
fb4be4b35858177d61685bafc804a730_02_K16	05	73.51	151658	148248
fbbdf49f4f28c31b1dbbf297f231235c_02_K33	18	113.67	151658	148248
fbfadfa42f097c3fb871245e140cae37_02_K33	05	93.71	151658	148248
fc98095f5e36302aa4fde928da9ab362_02_K33	07	109.61	151658	148248
fcfd46f2c43ef6e6c4c9222bf7fbd419_02_K33	06	109.61	151658	148248
fd2d91396f0b3526cd67b1069867b3df_02_K16	06	72.64	148248	151658
fd376e958a3cc3b4b8d1c6223747f3ee_02_K33	07	111.6	148248	151658
fd58a35e59389feef03f930e4a615ebf_02_K33	08	119.18	151658	148248
fd7db3f8d6f6a1d0a552a194bd0324a8_02_K33	07	115.81	151658	148248
fdaeff4282c9f8ae55b9505645952ac7_02_K33	06	116.91	151658	148248
fdcf626e3b5c0804240c5f45a8fd7274_02_K33	07	82.39	148248	151658
fdfdecea73ebf668c9dbe902190b500f_02_K33	08	81.84	151658	148248
ffbbe180ad1694fb0bac03aaad9b5a83_02_K33	07	99.8	151658	148248
