919.0	98.61	115600	4	1659.7	0.02894062060262118
1053.0	90.91	115600	5	1093.2	8.524624477431254E-5
1075.0	89.4	115600	3	1561.0	0.012459358698246098
1123.0	80.38	115600	2	951.5	0.0015514986404193479
1289.0	62.28	115600	1	782.6	0.013527282026632892
1316.0	106.16	115600	0	1856.4	0.015404720794863566
1595.0	92.73	115600	6	1535.6	1.8612128425775042E-4
1664.0	96.2	115600	23	1868.6	0.002208179681132077
1833.0	99.09	115600	8	1827.2	1.774512805504634E-6
1850.0	98.99	115600	7	1953.3	5.628903374296221E-4
1916.0	98.94	115600	9	1982.5	2.3327405630628006E-4
1943.0	97.79	115600	15	2117.9	0.0016136255786420365
1953.0	99.1	115600	10	1978.0	3.296880212367595E-5
1958.0	97.47	115600	16	2133.7	0.0016284209220334802
2093.0	99.89	115600	17	2037.2	1.6424476967098314E-4
2132.0	98.56	115600	14	2115.6	1.4187662430694032E-5
2153.0	99.8	115600	22	2043.2	6.359571154481954E-4
2184.0	97.68	115600	18	2143.0	8.867289019183822E-5
2243.0	95.82	115600	13	2055.7	0.0018505409732052789
2337.0	95.26	115600	12	1936.1	0.00847803613127512
2371.0	95.38	115600	11	1872.7	0.01309799815543509
2468.0	105.22	115600	21	2073.8	0.008197027469500415
2848.0	98.1	115600	20	2255.6	0.018511996107465865
3634.0	105.4	115600	19	2617.4	0.054515921979672616
0.18399056543658393	0.1632%
