4	852.0,767.0,754.0,763.0,809.0,1152.0,1548.0,1684.0,1342.0,1140.0,1129.0,1514.0,1567.0,1293.0,1315.0,1466.0,1498.0,1499.0,1642.0,1940.0,1846.0,1522.0,1196.0,909.0
1	569.0,525.0,441.0,474.0,202.0,735.0,936.0,1293.0,1374.0,1412.0,1499.0,1412.0,1624.0,1580.0,1707.0,1814.0,1805.0,1849.0,1646.0,1577.0,1759.0,1437.0,950.0,698.0
9	1267.0,1122.0,920.0,866.0,640.0,1409.0,2057.0,2370.0,2418.0,3018.0,3104.0,3201.0,3005.0,3135.0,3232.0,3341.0,3474.0,3598.0,3897.0,4354.0,3883.0,3088.0,2498.0,1732.0
16	877.0,800.0,704.0,667.0,495.0,1144.0,1665.0,1749.0,1773.0,2323.0,2339.0,2158.0,2054.0,2326.0,2278.0,2265.0,2296.0,2470.0,2470.0,2684.0,2340.0,1902.0,1728.0,1176.0
15	519.0,419.0,368.0,307.0,332.0,831.0,1294.0,1722.0,1677.0,1955.0,2001.0,2035.0,2071.0,2269.0,2080.0,1975.0,2031.0,2232.0,2243.0,1905.0,1546.0,1222.0,1089.0,726.0
8	738.0,696.0,649.0,558.0,599.0,871.0,1210.0,1578.0,1794.0,2109.0,2250.0,2091.0,2100.0,2479.0,2624.0,2816.0,2881.0,2561.0,2151.0,1940.0,1747.0,1423.0,1178.0,945.0
18	725.0,674.0,640.0,593.0,616.0,762.0,1045.0,1266.0,1468.0,1766.0,1834.0,1746.0,1697.0,1875.0,1997.0,2147.0,2180.0,1853.0,1652.0,1582.0,1279.0,1101.0,1041.0,822.0
14	949.0,875.0,768.0,699.0,702.0,1008.0,1442.0,1225.0,1087.0,1052.0,1076.0,1294.0,1358.0,1166.0,1226.0,1259.0,1339.0,1535.0,1676.0,3216.0,2508.0,2098.0,1840.0,1314.0
12	616.0,605.0,525.0,499.0,432.0,867.0,1284.0,1697.0,1582.0,1732.0,1544.0,1543.0,1567.0,1436.0,1359.0,1331.0,1097.0,1170.0,1661.0,1873.0,1469.0,1278.0,1084.0,811.0
2	689.0,599.0,534.0,553.0,581.0,971.0,1075.0,1126.0,1183.0,1217.0,2207.0,2067.0,2291.0,2628.0,2717.0,2948.0,2928.0,2744.0,2480.0,2071.0,2057.0,1650.0,1157.0,847.0
7	583.0,517.0,489.0,467.0,523.0,688.0,1024.0,1234.0,1463.0,1526.0,1558.0,1630.0,1680.0,1674.0,1703.0,1868.0,1863.0,1804.0,1731.0,1581.0,1545.0,1264.0,928.0,689.0
11	1316.0,1289.0,1123.0,1075.0,919.0,1053.0,1595.0,1850.0,1833.0,1916.0,1953.0,2371.0,2337.0,2243.0,2132.0,1943.0,1958.0,2093.0,2184.0,3634.0,2848.0,2468.0,2153.0,1664.0
10	1056.0,946.0,818.0,748.0,846.0,1433.0,1887.0,1526.0,1338.0,1323.0,1295.0,1635.0,1744.0,1448.0,1461.0,1550.0,1540.0,1577.0,1895.0,3453.0,2850.0,2379.0,1946.0,1419.0
