919.0	98.61	115600	4	1600.67	0.024511351946891895
1053.0	90.91	115600	5	1069.22	1.3881737996410581E-5
1075.0	89.4	115600	3	1471.33	0.008285988961259655
1123.0	80.38	115600	2	1002.89	7.610085210557055E-4
1289.0	62.28	115600	1	803.89	0.01241382430526858
1316.0	106.16	115600	0	1836.67	0.014300219386424628
1595.0	92.73	115600	6	1496.56	5.112173390988107E-4
1664.0	96.2	115600	23	1857.44	0.001973947846120176
1833.0	99.09	115600	8	1805.44	4.005359418892979E-5
1850.0	98.99	115600	7	1918.11	2.447141492387465E-4
1916.0	98.94	115600	9	1984.0	2.4391638563180625E-4
1943.0	97.79	115600	15	2177.0	0.002888383566534416
1953.0	99.1	115600	10	1937.89	1.2045253611446838E-5
1958.0	97.47	115600	16	2105.33	0.0011450519214381979
2093.0	99.89	115600	17	2014.56	3.245992662778623E-4
2132.0	98.56	115600	14	2121.22	6.127475736921781E-6
2153.0	99.8	115600	22	2078.22	2.949634879422137E-4
2184.0	97.68	115600	18	2115.67	2.46313583866219E-4
2243.0	95.82	115600	13	2008.67	0.0028966184406648623
2337.0	95.26	115600	12	1889.22	0.010576652215514312
2371.0	95.38	115600	11	1937.0	0.009935794708491435
2468.0	105.22	115600	21	2078.22	0.008014146941971258
2848.0	98.1	115600	20	2243.11	0.019300757971288475
3634.0	105.4	115600	19	2656.0	0.050454610768739645
0.1693961897752526	0.1542%
