1	588.0,501.0,370.0,377.0,222.0,741.0,991.0,1283.0,1364.0,1383.0,1414.0,1683.0,1518.0,1538.0,1572.0,1690.0,1800.0,1814.0,1702.0,1212.0,1525.0,1317.0,963.0,716.0
2	675.0,591.0,546.0,564.0,572.0,981.0,1223.0,1500.0,1802.0,2130.0,2176.0,2259.0,2117.0,2369.0,2422.0,2607.0,2025.0,1385.0,1409.0,1317.0,1375.0,1253.0,1109.0,817.0
4	815.0,815.0,802.0,779.0,858.0,1176.0,1515.0,1644.0,1479.0,1273.0,1185.0,1578.0,1610.0,1383.0,1331.0,1474.0,1575.0,1844.0,1903.0,1642.0,1655.0,1382.0,1127.0,904.0
7	556.0,503.0,501.0,466.0,521.0,724.0,995.0,1306.0,1471.0,1595.0,1574.0,1694.0,1619.0,1740.0,1730.0,1872.0,1912.0,1818.0,1440.0,1298.0,1243.0,1099.0,823.0,633.0
8	776.0,711.0,626.0,591.0,629.0,827.0,1274.0,1588.0,1842.0,2284.0,2374.0,2126.0,2016.0,2394.0,2436.0,2490.0,2550.0,2231.0,1682.0,1678.0,1601.0,1374.0,1121.0,853.0
9	1371.0,1073.0,905.0,818.0,609.0,1366.0,2220.0,2420.0,2516.0,3196.0,3129.0,2807.0,2848.0,3330.0,3313.0,3231.0,3303.0,3256.0,3201.0,3584.0,3520.0,2889.0,2371.0,1647.0
10	1134.0,950.0,874.0,792.0,830.0,1309.0,1985.0,1569.0,1461.0,1453.0,1376.0,1708.0,1742.0,1575.0,1499.0,1586.0,1656.0,1783.0,2568.0,2860.0,2754.0,2224.0,1834.0,1310.0
11	1416.0,1210.0,1171.0,1062.0,865.0,1103.0,1668.0,1905.0,2034.0,2023.0,2084.0,2358.0,2368.0,2500.0,2191.0,2065.0,1965.0,2270.0,2264.0,3094.0,2913.0,2389.0,1969.0,1553.0
12	689.0,595.0,560.0,477.0,423.0,866.0,1274.0,1686.0,1700.0,1750.0,1512.0,1583.0,1581.0,1487.0,1448.0,1378.0,1149.0,1184.0,1788.0,1506.0,1536.0,1226.0,1038.0,786.0
14	1064.0,865.0,827.0,674.0,700.0,1002.0,1635.0,1299.0,1206.0,1089.0,1171.0,1372.0,1401.0,1244.0,1165.0,1275.0,1434.0,1872.0,2168.0,2668.0,2533.0,1954.0,1677.0,1263.0
15	562.0,440.0,430.0,302.0,316.0,775.0,1331.0,1696.0,1763.0,2016.0,2059.0,2089.0,2017.0,2154.0,2066.0,1984.0,2068.0,2004.0,1925.0,1529.0,1501.0,1162.0,971.0,713.0
16	1192.0,970.0,959.0,737.0,498.0,1051.0,1717.0,1777.0,1767.0,2322.0,2344.0,2114.0,2038.0,2213.0,2276.0,2204.0,2077.0,2241.0,2155.0,2249.0,2285.0,1829.0,1558.0,1175.0
18	720.0,698.0,617.0,585.0,595.0,703.0,1021.0,1257.0,1471.0,1747.0,1920.0,1763.0,1635.0,1878.0,1778.0,1971.0,1906.0,1655.0,1391.0,1425.0,1215.0,1054.0,992.0,838.0
