588 076320 0
501 076320 1
370 076320 2
377 076320 3
222 076320 4
741 076320 5
991 076320 6
1283 076320 7
1364 076320 8
1383 076320 9
1414 076320 10
1683 076320 11
1518 076320 12
1538 076320 13
1572 076320 14
1690 076320 15
1800 076320 16
1814 076320 17
1702 076320 18
1212 076320 19
1525 076320 20
1317 076320 21
963 076320 22
716 076320 23
675 079100 0
591 079100 1
546 079100 2
564 079100 3
572 079100 4
981 079100 5
1223 079100 6
1500 079100 7
1802 079100 8
2130 079100 9
2176 079100 10
2259 079100 11
2117 079100 12
2369 079100 13
2422 079100 14
2607 079100 15
2025 079100 16
1385 079100 17
1409 079100 18
1317 079100 19
1375 079100 20
1253 079100 21
1109 079100 22
817 079100 23
307 086060 0
300 086060 1
316 086060 2
314 086060 3
107 086060 4
511 086060 5
640 086060 6
1031 086060 7
1010 086060 8
1252 086060 9
1354 086060 10
1211 086060 11
1238 086060 12
1559 086060 13
1435 086060 14
1373 086060 15
1168 086060 16
1125 086060 17
1213 086060 18
430 086060 19
688 086060 20
583 086060 21
459 086060 22
405 086060 23
815 087600 0
815 087600 1
802 087600 2
779 087600 3
858 087600 4
1176 087600 5
1515 087600 6
1644 087600 7
1479 087600 8
1273 087600 9
1185 087600 10
1578 087600 11
1610 087600 12
1383 087600 13
1331 087600 14
1474 087600 15
1575 087600 16
1844 087600 17
1903 087600 18
1642 087600 19
1655 087600 20
1382 087600 21
1127 087600 22
904 087600 23
1 092400 1
2 092400 2
2 092400 3
14 092400 5
16 092400 6
16 092400 7
113 092400 8
42 092400 9
12 092400 10
8 092400 11
9 092400 12
2 092400 13
7 092400 14
9 092400 15
6 092400 16
13 092400 18
1 092400 19
1 092400 20
2 092400 22
1 092400 23
278 096350 0
238 096350 1
264 096350 2
278 096350 3
111 096350 4
519 096350 5
520 096350 6
611 096350 7
643 096350 8
894 096350 9
962 096350 10
911 096350 11
929 096350 12
1030 096350 13
852 096350 14
793 096350 15
532 096350 16
633 096350 17
879 096350 18
235 096350 19
374 096350 20
374 096350 21
295 096350 22
298 096350 23
556 097500 0
503 097500 1
501 097500 2
466 097500 3
521 097500 4
724 097500 5
995 097500 6
1306 097500 7
1471 097500 8
1595 097500 9
1574 097500 10
1694 097500 11
1619 097500 12
1740 097500 13
1730 097500 14
1872 097500 15
1912 097500 16
1818 097500 17
1440 097500 18
1298 097500 19
1243 097500 20
1099 097500 21
823 097500 22
633 097500 23
776 103500 0
711 103500 1
626 103500 2
591 103500 3
629 103500 4
827 103500 5
1274 103500 6
1588 103500 7
1842 103500 8
2284 103500 9
2374 103500 10
2126 103500 11
2016 103500 12
2394 103500 13
2436 103500 14
2490 103500 15
2550 103500 16
2231 103500 17
1682 103500 18
1678 103500 19
1601 103500 20
1374 103500 21
1121 103500 22
853 103500 23
1371 105710 0
1073 105710 1
905 105710 2
818 105710 3
609 105710 4
1366 105710 5
2220 105710 6
2420 105710 7
2516 105710 8
3196 105710 9
3129 105710 10
2807 105710 11
2848 105710 12
3330 105710 13
3313 105710 14
3231 105710 15
3303 105710 16
3256 105710 17
3201 105710 18
3584 105710 19
3520 105710 20
2889 105710 21
2371 105710 22
1647 105710 23
1134 110410 0
950 110410 1
874 110410 2
792 110410 3
830 110410 4
1309 110410 5
1985 110410 6
1569 110410 7
1461 110410 8
1453 110410 9
1376 110410 10
1708 110410 11
1742 110410 12
1575 110410 13
1499 110410 14
1586 110410 15
1656 110410 16
1783 110410 17
2568 110410 18
2860 110410 19
2754 110410 20
2224 110410 21
1834 110410 22
1310 110410 23
1416 115600 0
1210 115600 1
1171 115600 2
1062 115600 3
865 115600 4
1103 115600 5
1668 115600 6
1905 115600 7
2034 115600 8
2023 115600 9
2084 115600 10
2358 115600 11
2368 115600 12
2500 115600 13
2191 115600 14
2065 115600 15
1965 115600 16
2270 115600 17
2264 115600 18
3094 115600 19
2913 115600 20
2389 115600 21
1969 115600 22
1553 115600 23
689 117210 0
595 117210 1
560 117210 2
477 117210 3
423 117210 4
866 117210 5
1274 117210 6
1686 117210 7
1700 117210 8
1750 117210 9
1512 117210 10
1583 117210 11
1581 117210 12
1487 117210 13
1448 117210 14
1378 117210 15
1149 117210 16
1184 117210 17
1788 117210 18
1506 117210 19
1536 117210 20
1226 117210 21
1038 117210 22
786 117210 23
631 121720 0
595 121720 1
618 121720 2
558 121720 3
612 121720 4
652 121720 5
884 121720 6
803 121720 7
710 121720 8
676 121720 9
684 121720 10
815 121720 11
767 121720 12
794 121720 13
755 121720 14
767 121720 15
803 121720 16
830 121720 17
994 121720 18
1072 121720 19
1031 121720 20
841 121720 21
736 121720 22
656 121720 23
1064 126180 0
865 126180 1
827 126180 2
674 126180 3
700 126180 4
1002 126180 5
1635 126180 6
1299 126180 7
1206 126180 8
1089 126180 9
1171 126180 10
1372 126180 11
1401 126180 12
1244 126180 13
1165 126180 14
1275 126180 15
1434 126180 16
1872 126180 17
2168 126180 18
2668 126180 19
2533 126180 20
1954 126180 21
1677 126180 22
1263 126180 23
562 127700 0
440 127700 1
430 127700 2
302 127700 3
316 127700 4
775 127700 5
1331 127700 6
1696 127700 7
1763 127700 8
2016 127700 9
2059 127700 10
2089 127700 11
2017 127700 12
2154 127700 13
2066 127700 14
1984 127700 15
2068 127700 16
2004 127700 17
1925 127700 18
1529 127700 19
1501 127700 20
1162 127700 21
971 127700 22
713 127700 23
1192 130850 0
970 130850 1
959 130850 2
737 130850 3
498 130850 4
1051 130850 5
1717 130850 6
1777 130850 7
1767 130850 8
2322 130850 9
2344 130850 10
2114 130850 11
2038 130850 12
2213 130850 13
2276 130850 14
2204 130850 15
2077 130850 16
2241 130850 17
2155 130850 18
2249 130850 19
2285 130850 20
1829 130850 21
1558 130850 22
1175 130850 23
497 135420 0
442 135420 1
391 135420 2
335 135420 3
279 135420 4
516 135420 5
1079 135420 6
1260 135420 7
817 135420 8
50 135420 9
94 135420 10
80 135420 11
124 135420 12
136 135420 13
118 135420 14
102 135420 15
113 135420 16
82 135420 17
375 135420 18
1460 135420 19
1403 135420 20
1083 135420 21
958 135420 22
684 135420 23
720 140900 0
698 140900 1
617 140900 2
585 140900 3
595 140900 4
703 140900 5
1021 140900 6
1257 140900 7
1471 140900 8
1747 140900 9
1920 140900 10
1763 140900 11
1635 140900 12
1878 140900 13
1778 140900 14
1971 140900 15
1906 140900 16
1655 140900 17
1391 140900 18
1425 140900 19
1215 140900 20
1054 140900 21
992 140900 22
838 140900 23
583 148248 0
404 148248 1
316 148248 2
273 148248 3
331 148248 4
561 148248 5
1063 148248 6
1399 148248 7
968 148248 8
92 148248 9
103 148248 10
85 148248 11
71 148248 12
87 148248 13
112 148248 14
117 148248 15
137 148248 16
128 148248 17
397 148248 18
1854 148248 19
1470 148248 20
1140 148248 21
1035 148248 22
714 148248 23
194 151658 0
147 151658 1
116 151658 2
121 151658 3
109 151658 4
208 151658 5
316 151658 6
461 151658 7
615 151658 8
695 151658 9
1306 151658 10
1143 151658 11
1046 151658 12
1204 151658 13
1271 151658 14
1350 151658 15
1283 151658 16
944 151658 17
815 151658 18
767 151658 19
617 151658 20
569 151658 21
493 151658 22
327 151658 23
