560.0	69.0	117210	2	697.87	0.0010027535345720872
595.0	92.94	117210	1	1385.75	0.03298386556936647
702.0	104.63	126180	4	1190.38	0.012581429809209278
748.0	79.44	110410	3	1243.88	0.012970824331092016
779.0	70.74	087600	3	903.0	8.110852823258315E-4
786.0	85.46	117210	23	1033.13	0.0032214879798912483
802.0	73.92	087600	2	1090.25	0.004382902226243415
815.0	74.92	087600	0	1268.88	0.010866649879392206
846.0	90.63	110410	4	1101.0	0.003430074172947269
858.0	61.6	087600	4	1097.0	0.0030131375137704064
866.0	89.88	117210	5	930.75	2.2115802152583257E-4
904.0	94.69	087600	23	1414.88	0.013767416528004284
1008.0	96.33	126180	5	1362.37	0.006624442016211574
1038.0	94.39	117210	22	1384.13	0.00631959269049479
1052.0	94.57	126180	9	1295.62	0.003130883117894953
1076.0	90.53	126180	10	2027.63	0.04776995544226831
1087.0	98.11	126180	8	1534.0	0.010539941413647376
1127.0	83.49	087600	22	1310.13	0.0017689616834471694
1149.0	93.27	117210	16	1608.38	0.011131606954539342
1166.0	98.07	126180	13	1427.5	0.0036071693904348116
1176.0	80.97	087600	5	1154.62	2.410101857246099E-5
1184.0	94.88	117210	17	1547.25	0.006960403176272412
1185.0	91.81	087600	10	1875.13	0.025123414919337735
1225.0	98.21	126180	7	1601.12	0.007462555122518382
1226.0	82.7	117210	21	1812.25	0.018129626709814817
1226.0	96.13	126180	14	1643.0	0.009172659251974283
1259.0	93.44	126180	15	1633.12	0.007383403622379872
1273.0	91.95	087600	9	1750.75	0.012039946082029764
1274.0	95.35	117210	6	1542.38	0.0037993321747129168
1294.0	97.09	126180	11	1783.13	0.012620102214100351
1295.0	99.22	110410	10	1708.0	0.00899752897509331
1314.0	107.04	126180	23	1459.88	0.001122496223885283
1323.0	98.51	110410	9	1643.5	0.00541850175415127
1331.0	90.19	087600	14	2069.75	0.028788440436399308
1338.0	99.34	110410	8	1665.5	0.00565777613244406
1339.0	92.25	126180	16	1784.0	0.010445835264865557
1358.0	97.65	126180	12	1532.0	0.0015970615249542726
1378.0	94.26	117210	15	1535.63	0.001310609615042556
1382.0	80.38	087600	21	1662.63	0.004154089673084522
1383.0	91.71	087600	13	1770.25	0.007910537678435072
1419.0	86.51	110410	23	1103.5	0.005250756488946007
1433.0	93.04	110410	5	1339.13	4.6486093416388627E-4
1442.0	97.98	126180	6	1523.63	3.5145484861886513E-4
1448.0	92.27	110410	13	1944.63	0.013010090174421321
1448.0	93.87	117210	14	1468.88	2.2986673060680354E-5
1461.0	95.17	110410	14	1554.25	4.5869164706649723E-4
1474.0	90.94	087600	15	1768.63	0.004578912469729367
1479.0	94.92	087600	8	1679.38	0.002117923266405442
1487.0	92.38	117210	13	1868.25	0.007667307043887426
1506.0	97.41	117210	19	1591.0	3.811193525496962E-4
1512.0	94.73	117210	10	1469.75	9.416219574543214E-5
1515.0	90.45	087600	6	1472.75	9.416219574543105E-5
1526.0	97.75	110410	7	1614.62	4.143197605082901E-4
1535.0	97.29	126180	17	1627.62	4.5256357097175334E-4
1536.0	101.47	117210	20	1978.25	0.01031712835825494
1540.0	95.95	110410	16	1821.75	0.004187463167254259
1550.0	95.5	110410	15	1687.13	9.918738298712775E-4
1575.0	91.73	087600	16	1617.13	9.360584720959437E-5
1577.0	100.56	110410	17	2187.63	0.019668548576444074
1578.0	92.61	087600	11	1628.63	1.3519269420840047E-4
1581.0	94.93	117210	12	1709.63	8.727179852358877E-4
1583.0	94.8	117210	11	1695.0	6.616970461430281E-4
1610.0	92.67	087600	12	1608.5	1.1868768764527551E-7
1635.0	92.82	110410	11	1776.13	0.0010505846726931185
1642.0	76.94	087600	19	1224.13	0.009211194012116486
1644.0	94.75	087600	7	1545.0	5.170035673826409E-4
1655.0	75.29	087600	20	1598.75	1.6690456075111058E-4
1676.0	102.58	126180	18	2231.63	0.016284960414491168
1686.0	97.27	117210	7	1542.75	0.001082461383246446
1700.0	97.93	117210	8	1714.75	1.1476440019251468E-5
1744.0	90.92	110410	12	1842.75	5.143957351346547E-4
1750.0	98.02	117210	9	1826.88	3.117406295806876E-4
1788.0	98.3	117210	18	1767.75	2.1630831073343974E-5
1844.0	94.25	087600	17	1946.13	5.501578190182623E-4
1887.0	95.08	110410	6	1608.63	0.0040877432556908275
1895.0	96.86	110410	18	1928.13	5.7880853228379335E-5
1903.0	91.81	087600	18	2133.75	0.0028087078624421313
1946.0	85.36	110410	22	1445.5	0.013213909078690245
2098.0	84.95	126180	21	1693.75	0.008620316425595277
2379.0	85.94	110410	21	1713.12	0.02338883392696521
2508.0	92.81	126180	20	1385.0	0.06652465992548734
2850.0	87.55	110410	20	1801.88	0.05794944894229751
3216.0	101.28	126180	19	1984.37	0.08001660892422746
3453.0	101.79	110410	19	2419.87	0.05630265727621995
0.7832446924778276	0.2459%
