076320_1	588	501	370	377	222	741	991	1283	1364	1383	1414	1683	1518	1538	1572	1690	1800	1814	1702	1212	1525	1317	963	716
076320_2	569	525	441	474	202	735	936	1293	1374	1412	1499	1412	1624	1580	1707	1814	1805	1849	1646	1577	1759	1437	950	698
079100_1	675	591	546	564	572	981	1223	1500	1802	2130	2176	2259	2117	2369	2422	2607	2025	1385	1409	1317	1375	1253	1109	817
079100_2	689	599	534	553	581	971	1075	1126	1183	1217	2207	2067	2291	2628	2717	2948	2928	2744	2480	2071	2057	1650	1157	847
086060_1	307	300	316	314	107	511	640	1031	1010	1252	1354	1211	1238	1559	1435	1373	1168	1125	1213	430	688	583	459	405
086060_2	330	336	296	283	112	440	607	958	1023	1138	1429	1292	1271	1474	1452	1418	1223	1143	1324	581	782	673	502	378
087600_1	815	815	802	779	858	1176	1515	1644	1479	1273	1185	1578	1610	1383	1331	1474	1575	1844	1903	1642	1655	1382	1127	904
087600_2	852	767	754	763	809	1152	1548	1684	1342	1140	1129	1514	1567	1293	1315	1466	1498	1499	1642	1940	1846	1522	1196	909
092400_1	0	1	2	2	0	14	16	16	113	42	12	8	9	2	7	9	6	0	13	1	1	0	2	1
092400_2	1	0	1	1	1	9	13	6	47	30	4	13	5	9	5	12	7	0	4	0	0	1	0	1
096350_1	278	238	264	278	111	519	520	611	643	894	962	911	929	1030	852	793	532	633	879	235	374	374	295	298
096350_2	312	307	314	286	136	494	567	586	651	745	881	889	1073	1165	1136	832	609	739	940	283	407	373	327	269
097500_1	556	503	501	466	521	724	995	1306	1471	1595	1574	1694	1619	1740	1730	1872	1912	1818	1440	1298	1243	1099	823	633
097500_2	583	517	489	467	523	688	1024	1234	1463	1526	1558	1630	1680	1674	1703	1868	1863	1804	1731	1581	1545	1264	928	689
103500_1	776	711	626	591	629	827	1274	1588	1842	2284	2374	2126	2016	2394	2436	2490	2550	2231	1682	1678	1601	1374	1121	853
103500_2	738	696	649	558	599	871	1210	1578	1794	2109	2250	2091	2100	2479	2624	2816	2881	2561	2151	1940	1747	1423	1178	945
105710_1	1371	1073	905	818	609	1366	2220	2420	2516	3196	3129	2807	2848	3330	3313	3231	3303	3256	3201	3584	3520	2889	2371	1647
105710_2	1267	1122	920	866	640	1409	2057	2370	2418	3018	3104	3201	3005	3135	3232	3341	3474	3598	3897	4354	3883	3088	2498	1732
110410_1	1134	950	874	792	830	1309	1985	1569	1461	1453	1376	1708	1742	1575	1499	1586	1656	1783	2568	2860	2754	2224	1834	1310
110410_2	1056	946	818	748	846	1433	1887	1526	1338	1323	1295	1635	1744	1448	1461	1550	1540	1577	1895	3453	2850	2379	1946	1419
115600_1	1416	1210	1171	1062	865	1103	1668	1905	2034	2023	2084	2358	2368	2500	2191	2065	1965	2270	2264	3094	2913	2389	1969	1553
115600_2	1316	1289	1123	1075	919	1053	1595	1850	1833	1916	1953	2371	2337	2243	2132	1943	1958	2093	2184	3634	2848	2468	2153	1664
117210_1	689	595	560	477	423	866	1274	1686	1700	1750	1512	1583	1581	1487	1448	1378	1149	1184	1788	1506	1536	1226	1038	786
117210_2	616	605	525	499	432	867	1284	1697	1582	1732	1544	1543	1567	1436	1359	1331	1097	1170	1661	1873	1469	1278	1084	811
121720_1	631	595	618	558	612	652	884	803	710	676	684	815	767	794	755	767	803	830	994	1072	1031	841	736	656
121720_2	654	637	585	561	602	683	908	844	687	628	679	726	861	786	766	785	800	753	851	1160	962	860	787	690
126180_1	1064	865	827	674	700	1002	1635	1299	1206	1089	1171	1372	1401	1244	1165	1275	1434	1872	2168	2668	2533	1954	1677	1263
126180_2	949	875	768	699	702	1008	1442	1225	1087	1052	1076	1294	1358	1166	1226	1259	1339	1535	1676	3216	2508	2098	1840	1314
127700_1	562	440	430	302	316	775	1331	1696	1763	2016	2059	2089	2017	2154	2066	1984	2068	2004	1925	1529	1501	1162	971	713
127700_2	519	419	368	307	332	831	1294	1722	1677	1955	2001	2035	2071	2269	2080	1975	2031	2232	2243	1905	1546	1222	1089	726
130850_1	1192	970	959	737	498	1051	1717	1777	1767	2322	2344	2114	2038	2213	2276	2204	2077	2241	2155	2249	2285	1829	1558	1175
130850_2	877	800	704	667	495	1144	1665	1749	1773	2323	2339	2158	2054	2326	2278	2265	2296	2470	2470	2684	2340	1902	1728	1176
135420_1	497	442	391	335	279	516	1079	1260	817	50	94	80	124	136	118	102	113	82	375	1460	1403	1083	958	684
135420_2	496	394	367	319	316	546	1030	1167	909	62	73	90	92	125	137	124	109	108	1702	1837	1429	1176	1010	656
140900_1	720	698	617	585	595	703	1021	1257	1471	1747	1920	1763	1635	1878	1778	1971	1906	1655	1391	1425	1215	1054	992	838
140900_2	725	674	640	593	616	762	1045	1266	1468	1766	1834	1746	1697	1875	1997	2147	2180	1853	1652	1582	1279	1101	1041	822
148248_1	583	404	316	273	331	561	1063	1399	968	92	103	85	71	87	112	117	137	128	397	1854	1470	1140	1035	714
148248_2	582	362	288	290	366	589	1058	1241	1087	100	99	103	101	113	115	139	136	116	1639	2227	1764	1443	1221	786
151658_1	194	147	116	121	109	208	316	461	615	695	1306	1143	1046	1204	1271	1350	1283	944	815	767	617	569	493	327
151658_2	216	168	160	132	172	290	558	704	945	1220	1221	1120	1095	1310	1433	1462	1478	1120	1085	961	816	580	539	314
