00119269c468a0bfff3fda7144811f95_02_K33	18	103.16	148248	151658
001802ae156024d0eb5b1e47fdf9edea_02_K33	06	95.91	151658	148248
0045f3c91a2e588a28324009babf264a_02_K33	08	116.91	151658	148248
005331cd1270523cb5c2e7365fc2f5bf_02_K33	07	112.62	151658	148248
0069cc494d967baf8258c01dc7b96d39_02_K33	06	105.83	148248	151658
007c7635c7c504ce5eb34fc584fcfcc5_02_K16	18	98.21	151658	148248
00b6f790f4836b2a422fb1ac6dd175a2_02_K33	19	88.96	151658	148248
00e26f042dbd9289b1fb21f24e60d397_02_K33	08	108.64	148248	151658
011a457def0e440e426dd38fe71e8bd7_02_K33	18	112.62	151658	148248
016f42ac2eebfa676547f400d0e20055_02_K33	08	104.92	151658	148248
016fd257f8d6b07767bac05c18a2c34e_02_K33	08	106.75	151658	148248
02011239cbdc679c3c41b165931586fb_02_K33	07	100.62	148248	151658
02021dc622a2216655972a7fa46a5806_02_K33	18	100.62	148248	151658
02f34e7050a0f9b4b55d93d3276d8d77_02_K33	08	86.45	151658	148248
02fddf3d80c92be158bd35c9947d073c_02_K33	18	119.18	148248	151658
03c9fb475a3c4e478dd6b5fc68153177_02_K33	18	113.67	148248	151658
03e2377e27cf70d894b71b598227ac04_02_K16	07	95.16	151658	148248
04161e82b017ae83992236a0ad5f9440_02_K33	08	113.67	151658	148248
04203079b0f7b757c1fe45eaece9f1b4_02_K33	07	101.45	151658	148248
04482e26c824a56f02b24f497de54065_02_K33	08	107.68	151658	148248
0450bcfb56691d7d2a25e619cce4131b_02_K33	08	114.73	151658	148248
04ca41f10c655635d15d9c9ff1b7f2d8_02_K33	08	77.7	148248	151658
05ebb16c21c81a009e6f6db3fcacfe96_02_K33	18	93.0	151658	148248
05fb396afe117c42b33baa90f7a55371_02_K33	05	115.81	151658	148248
06002b2a177961e5c0e2ccbd2667025d_02_K33	18	111.6	151658	148248
060162f4a32c9f149cc269aab0bfeb94_02_K33	08	93.0	151658	148248
067811e1cbf9be4cb6d80f3cd47dd060_02_K33	06	83.51	151658	148248
0682d985eb89441e9b5c47c67aeb6c8e_02_K33	07	105.83	151658	148248
069987291a35e746cdcf5bd17a65bf3e_02_K33	18	115.81	151658	148248
06de4d1f91aa53519840db6fcd26f804_02_K33	07	110.59	151658	148248
071b45f2cf42f8b8eb3b02ab1fcd5950_02_K33	06	111.6	148248	151658
07677ee6720b86a3bba4ed8e06d185ee_02_K33	05	112.62	148248	151658
09b9b7ae4f06d4a57755190b7757be10_02_K33	06	93.0	151658	148248
09c99baa7fc54f397db099c75fcfaf04_02_K33	05	116.91	148248	151658
0a2eb5bbbb2e5d1026267dccb8224a7c_02_K33	07	116.91	148248	151658
0a4c8809267a2b0e94cae2e12e3e39bb_02_K33	06	108.64	148248	151658
0ae1d45f06f09d4be50be5af8c1f2d36_02_K33	08	96.66	151658	148248
0af5cdc2f2f68eaf9090b330bee4f69c_02_K33	08	116.91	151658	148248
0b9424733788c33f522c74f4bf7996bf_02_K33	08	109.61	151658	148248
0bac67962eaf17f66e7045a3a5887118_02_K16	06	98.21	148248	151658
0bb05bb14d89677e10382b89d46f703d_02_K33	08	119.18	151658	148248
0bb3c710594a334334464ba4507f93c1_02_K33	06	110.59	148248	151658
0c05bebd99aa5b23948835993f540b85_02_K33	08	91.61	148248	151658
0c2de7e745569da6ab4e2e7af3e5ce7f_02_K33	04	106.75	148248	151658
0cf29be04222d1fc0e6f39d5ce5de87a_02_K33	06	111.6	148248	151658
0cf2dc9f28f796db543d376c7af5f9ec_02_K33	18	90.26	148248	151658
0cf8ac4954d226fb2c81c6bd450aa045_02_K33	07	118.04	148248	151658
0d24833e9746cccdfddbcf44a2321b0a_02_K16	08	88.32	148248	151658
0d2c31d62d8e5c9758df059d586daba3_102_K33	08	112.62	148248	151658
0d3418434ddc413d8d9e1ff531b226aa_02_K33	07	119.18	151658	148248
0ddf5da1e3060db3819f5b6532c8cdcb_02_K33	06	103.16	148248	151658
0ec48babff4d778bdf28b56f826d6af9_02_K33	08	114.73	148248	151658
0ee531912682db8d7559d7e3c2eec3b5_02_K33	19	109.61	148248	151658
0efbb739b5a4d2ec93f7313b7b914deb_02_K16	07	83.51	148248	151658
0f2275fd9a07e2d52ab7b3fce00d096b_02_K33	07	118.04	151658	148248
0f429afa14e2896ebf9fe61471dac706_02_K33	18	112.62	151658	148248
0fee937dc427357c1b2fb68f6830a46f_02_K16	06	99.8	148248	151658
0ff05ff835bf2cb42eba618e249fcebd_02_K33	18	115.81	148248	151658
102dbe29abd05f94a49f2b79ef8eb91c_02_K33	18	95.16	151658	148248
1037dd12921629aec9f0e6c8e57cfdc5_02_K33	06	104.92	151658	148248
10dc760b189a6150216d3737b8483f71_02_K33	08	107.68	148248	151658
11018c489a5bdfa8d23cc14c5e9d4c30_02_K33	05	95.16	151658	148248
1171b2d1b7d3877783cd48664e2f6c53_02_K33	18	90.93	148248	151658
11c611fc74609887d4f4aecba2054ce3_02_K33	18	112.62	151658	148248
11edab5c0836dea455a8b4d35738138b_02_K33	18	98.21	148248	151658
127cb0fbed7f5bfc1283073b02e11eba_02_K33	07	98.21	148248	151658
13308a655bc076fa02e82d9e00e4b66d_02_K33	18	89.61	151658	148248
150a06a916a30917260940021410cf50_02_K33	08	107.68	148248	151658
1568469d5af364d3b6c0b6c2da42c95e_02_K33	08	115.81	148248	151658
15b577073aba2ff266e450bf7cea3978_02_K33	08	112.62	148248	151658
167378c841df5fddd0e117f250a70a88_02_K33	06	99.0	148248	151658
16abce9c01a3dff41cd2551e32c0b3d7_02_K16	06	87.06	151658	148248
16b6d0ea70d12c2b604cf72dcf5b5469_02_K33	08	99.8	148248	151658
16d2e6e13f3a84b02295eca827fce122_02_K33	18	92.3	151658	148248
170195c54cdc3bd1ca400b33c8f1b822_02_K33	18	115.81	151658	148248
170332c6fd2089353e15467ae330ffbe_02_K33	18	113.67	148248	151658
171bab6b858497f6e6bce7b756b8f966_02_K33	08	110.59	151658	148248
175cc9912d68d2f6af91bce63315c9cb_02_K33	07	110.59	148248	151658
176fdb28e14dc5cfb0ffdc87792b70cb_02_K33	07	113.67	151658	148248
177a07f724644316e40fd0a251342bde_02_K33	08	99.0	151658	148248
181140b5fae97a156d84b2f3a4d347d9_02_K33	18	100.62	148248	151658
18ad5d26edd88aa6930fec8c584f5bca_02_K33	18	119.18	151658	148248
18bbba842bbd964f30da88005c5f3a07_02_K33	18	89.61	148248	151658
18f660ffe98c413cd808f002a71f2264_02_K33	08	107.68	148248	151658
190f3b4a1773af58352471569eb1146a_02_K33	08	93.0	148248	151658
19126fcf1099a17380066eaefb7e03de_02_K33	08	109.61	148248	151658
192204a71c6bd61eca2d16a1ff8b4fb7_02_K33	08	104.03	148248	151658
1928a942b7b3e44ce8b94dc1da71c4ce_02_K16	08	93.71	148248	151658
19988ed3f1e6bc5430b0718375b1849f_02_K33	07	112.62	148248	151658
19a131f6c874379c9cf9af519e4f944d_02_K33	18	90.93	151658	148248
19c31e76309c190e0d9f00077def4fd0_02_K16	07	93.0	148248	151658
19d392f0e3e3a78ef9fcf755f5c2c155_02_K33	18	110.59	148248	151658
1a3b4f114431dcd7eb1e82086cc448a7_02_K33	07	115.81	148248	151658
1a6bc5b9b3efbfaa5651ba0c8c28739f_02_K33	08	118.04	148248	151658
1a91f8e7f642fd88783b08f0ffd2dbb8_02_K33	18	90.26	148248	151658
1a94e083ca72ca7ced72f8142dc44d0b_02_K33	18	88.32	151658	148248
1adbe733d81fa0dfa51d93db7c05c259_02_K33	06	83.51	151658	148248
1b14fb6d3b0ad142038d2b6c93dc4d63_02_K16	05	79.2	148248	151658
1b75d99a7913f2f8cb5bbebbe18a331d_02_K33	07	106.75	148248	151658
1bc4664277f02eea6d3c82070a5c1ac0_02_K33	18	107.68	148248	151658
1bf991d15d624a84d34b06c3c3766b81_02_K33	06	114.73	148248	151658
1c07fabae84524462f113314e6287643_02_K33	05	88.32	148248	151658
1c1adf8b0807b45577c7498bed1803c2_02_K33	06	79.2	151658	148248
1c71c2b07ef6b25c7a3730cd3ef05709_02_K33	18	102.3	148248	151658
1cc7b17b2da6812ddf05ba1f0a4b6a22_02_K33	06	88.96	148248	151658
1d4dda2723bae2c325a05a7aa0d321b6_02_K16	05	80.24	151658	148248
1d8058e45c362c6a41d84e197b67c283_02_K33	06	91.61	148248	151658
1e05de17d8507131aeb5d917c637ee02_02_K33	18	104.03	151658	148248
1e11047b7ca7ce94027683177985cfc9_02_K33	07	108.64	151658	148248
1e4384fa2948eaf9ce294a9ed070c689_02_K33	18	96.66	151658	148248
1ede5c1ee8dfbc7ac96d70d953631b63_02_K33	08	113.67	151658	148248
1f36a1c4234b9a1dea3f4fe747fb3a58_02_K33	06	104.03	148248	151658
1f3b758c35e1fa94b14b054e221655f4_02_K33	07	109.61	148248	151658
1f7cf6e29ae100b3a371817bc5642a41_02_K33	08	100.62	148248	151658
1fc66944a25644b87c0ebacfbbeae967_02_K33	18	107.68	151658	148248
1fe08b0f90da550d2dee1d59176e5f2b_02_K16	08	88.96	151658	148248
205abba6e2d5c3d0bcf33d372611c30e_02_K33	08	111.6	148248	151658
20a2c9ef7adce48b8af977d323cbef70_02_K33	05	100.62	148248	151658
20bbf640d726f9ad716a1ce3b084c717_02_K33	05	78.19	151658	148248
20e39b432ee6768ccffb99ad8beb7de5_02_K33	05	115.81	148248	151658
2102af0c3e7a73b5ba7e02a7451126b9_02_K33	07	116.91	148248	151658
21792f3f1791e257455498f48f0f1ee7_02_K33	07	110.59	148248	151658
21aa0751fb1ecb7fbe32fed6e012d630_02_K33	07	95.16	151658	148248
21bbad95d5bcc220d9f5a17b550a29d7_02_K33	08	118.04	148248	151658
21cea1a623fdb698704e19b32c16cd96_02_K33	18	110.59	148248	151658
223b40e07fdf9f8536c3b82519825afe_02_K33	06	93.0	151658	148248
22743d22ac2e9c5953884aa315f1101c_02_K33	18	111.6	148248	151658
22dccf28388b06eb6afd61fd70a195cc_02_K33	08	115.81	151658	148248
234645b36ff7dbe7803f1814bdd08ade_02_K33	05	111.6	148248	151658
2348cb3bcb8d7e976ec66fb84f701241_02_K33	08	109.61	151658	148248
2360b985692b91c62a020c29490af799_02_K33	18	112.62	148248	151658
24009a04a9bf6f90008f22cdbabde609_02_K33	07	109.61	151658	148248
2481d43fd65076ac4fde7ea6adf146ed_02_K33	18	118.04	151658	148248
24d30fe6f82a498395db072cb89acb31_02_K33	18	106.75	148248	151658
24f98dcc97732803c220358b300a207e_02_K33	07	111.6	151658	148248
25218ad461933806537d0109ff157ab0_02_K33	07	99.8	151658	148248
2598e8e550e0ed9ceebd63a27205e2c6_02_K33	07	114.73	148248	151658
25c5ad47bede5f3c07dc45290969c37e_02_K33	18	96.66	151658	148248
25ca68e41b048793409e52d80aec4904_02_K33	07	107.68	151658	148248
25cebd8db7b54e8566a0dbebaa4841c5_02_K33	07	99.8	151658	148248
25d308101c77c51c785f1f4451d2ca78_02_K33	07	103.16	151658	148248
25e4a3b8c4768b5a80251c2a63b785ab_02_K33	18	111.6	151658	148248
2601ce75cd0d192cb87706c974201a7e_02_K33	07	82.95	148248	151658
261d2574b788f7f07255b52fa5a2bf6c_02_K33	06	118.04	151658	148248
265d89631a7cecbf818347ab3e91a9d5_02_K16	18	100.62	151658	148248
26ac6d3971c640a33039027d38712c03_02_K33	18	112.62	151658	148248
27564ff628d7fd9aecb5cdc063326a8d_02_K16	06	97.43	151658	148248
2772794afde60ca83cab6e52eec8fea2_02_K33	08	99.0	148248	151658
27b2f13749832c0afc1c526a1fdca39a_02_K33	07	90.93	148248	151658
27c53cdfeac18ef38c3b204208343845_02_K33	07	115.81	151658	148248
2836c6a84b52e745cf2488052d650449_02_K33	07	112.62	148248	151658
28882a9c300fe2a4e42750a1aa521c0a_02_K33	06	93.71	151658	148248
28e8f72a29ba022638c610e3fd91b8bb_02_K33	18	88.96	151658	148248
290f0a291b6fe04c746283252b055c62_02_K16	07	80.24	148248	151658
2959ec25e17d3d81214788b7f9865506_02_K33	08	99.8	148248	151658
29a6f06d2fd58c3ad44b70c47892fb90_02_K33	06	113.67	151658	148248
29c9ed0758e4e1d1c5828f3fb0e1f510_02_K33	07	113.67	148248	151658
29d33adc3f28710c08324fc1c657b658_02_K33	06	99.8	148248	151658
29fcab536c1cc3edb6a1f38fc8304dfb_02_K33	08	92.3	148248	151658
2a10b3b77637a23eacac68921d3fa5a9_02_K33	18	109.61	148248	151658
2adf1ff2762c3178c7d9ebcd5c6119aa_02_K16	08	98.21	151658	148248
2b457cde79f003646a747869108bde8c_02_K33	07	119.18	151658	148248
2b4f809260420e08e3ab5acd0a883103_02_K33	07	79.71	151658	148248
2b6e935fe6fa28adf265b573fe4c1698_02_K33	08	91.61	148248	151658
2b7e2da0bee31bbda0673bdbedaab1f5_02_K33	18	87.69	148248	151658
2bb2fe2f9fc2b0ce7d10f0d42bfbe0a4_02_K33	06	113.67	148248	151658
2bb4556a9c57c473941b187d63d62ee0_02_K33	07	102.3	151658	148248
2c41df6a6004f2c8a57d7eb173ad4667_02_K33	08	116.91	148248	151658
2cabb18e5f52b7aa2c7a53b868de7ba3_02_K33	06	75.78	151658	148248
2cf743c645b449f7e36cb5a8e6cd0170_02_K33	18	107.68	148248	151658
2d773de42b0a909dfee69eb318e059b2_02_K33	19	95.16	151658	148248
2d8416d00fdbdcddd3af89e7d4361f50_02_K33	06	95.91	151658	148248
2db4da9bc4f2ed1622c6c6e5db0baa3a_02_K33	07	95.16	151658	148248
2dd2e9d2619048080eea4279e57a0b6f_02_K33	08	96.66	151658	148248
2e30abc7f0edf47a33fa9f7a8c82156a_02_K33	08	105.83	151658	148248
2e807752543e1cd0bfc86816bd4a2e69_02_K33	07	103.16	148248	151658
2ea8e4bcda78879a17f7a5ed36aae22c_02_K33	07	94.43	148248	151658
2ed0aae2de4a14e5551bb76840acd91d_02_K16	08	92.3	151658	148248
311f04a2e93d7f8a376671dc47e3fbfb_02_K33	18	104.92	148248	151658
3172f49155e3d9a09cc663d4f006dc2d_02_K33	18	104.92	148248	151658
319b88ef0ffbf403fd972445fa7d474e_02_K33	07	116.91	151658	148248
319de84ab571fafaa81d0b044840e067_02_K33	07	105.83	148248	151658
31be62c3b69c84879254554d7054c9d8_02_K33	07	104.92	148248	151658
3222768067608ad2251d318692e10bca_02_K33	06	98.21	151658	148248
32f69487ef56de5b42117ca7c6556259_02_K33	07	110.59	151658	148248
3327dccc1e1212f38c85cad5ce1c01af_02_K33	18	109.61	148248	151658
33a58351b8d0e0030dd2e155644f03ef_02_K33	05	85.25	151658	148248
33bec2af04756bc1e3b18d732bb47499_02_K33	08	105.83	148248	151658
345a356384521622b77f07659c06ced2_02_K33	05	118.04	151658	148248
3461c65d79c7d4a3bd5da11757728768_02_K33	07	115.81	148248	151658
34694aa31c3da2ed1341bd1b91da6562_02_K33	06	113.67	148248	151658
34a3184a29336f2304b5fac6804b9808_02_K33	06	112.62	151658	148248
34ca22910595f9d59105d739f5979c0b_02_K33	05	104.92	148248	151658
354422d0a4ac2d201e18e0d8d121b97c_02_K33	18	116.91	151658	148248
35bb78421850bd1b9f49b98ccba18d65_02_K16	07	88.32	148248	151658
35cbdfbda2da0d933cc3d8374d5a3905_02_K33	07	91.61	151658	148248
35dec224b205008b3db5bf2745619a04_02_K33	07	106.75	151658	148248
361852dd5a1be66af399f8aa1e276310_02_K33	05	114.73	148248	151658
368c6c5ae9b39864c7175a2381197507_02_K33	18	116.91	148248	151658
36b77cf281fd26e42da92d94925bc8e0_02_K33	18	95.91	148248	151658
373ac54f853804ca3583e183d3e1c8c9_02_K33	18	98.21	148248	151658
375a3900541066e76f6ccc86839c64e4_02_K33	06	116.91	148248	151658
382584be32cf8e2429a613cfa5495771_02_K33	07	114.73	148248	151658
38321d52982636e3815b6a3ca429cbfd_02_K33	08	102.3	148248	151658
384a8edc8e1eb8754574d6e398c738e7_02_K33	07	99.0	148248	151658
38886380e433ae2fb092cc312abf3a3e_02_K33	07	95.16	148248	151658
3890a7180e74007d2bc353c10c318d76_02_K33	07	113.67	148248	151658
38e1dbdf806a25a155c8e86cee25cab9_02_K33	18	108.64	151658	148248
393773d84af8dd8ee956e9735fa3053b_02_K33	06	107.68	148248	151658
393fc1689c0493eb3d81787b9eaadc0b_02_K33	08	110.59	151658	148248
396fd838a6f9b5c222f09554a3596721_02_K16	06	95.91	148248	151658
3a117d0d3a2c7f94a15c84607bbdbbc1_02_K33	06	116.91	151658	148248
3acc2d28a169340c7e20ce25e943b405_02_K33	18	119.18	151658	148248
3af41e744d8e28fe9463521acc8c17dd_02_K33	06	95.91	148248	151658
3b04d7a7a8778c791f1179614793b9ea_02_K33	08	116.91	151658	148248
3b83e80e86d689fa9b23f9bb8aa42859_02_K33	06	111.6	148248	151658
3ba6e21370306d5892ec7aef4faab77e_02_K33	08	110.59	151658	148248
3bc939b61ca7b2a8f9f072c90521e8e0_02_K33	08	115.81	148248	151658
3be2d2c77159439c25b8afdefa018b64_02_K33	06	106.75	151658	148248
3c128678db51ca74e4af15383e37894b_02_K33	06	109.61	148248	151658
3c2e438e90987b00cc42ed5c7d7e698e_02_K16	06	95.91	151658	148248
3d0c42e11f9f02db35109f4c9143d269_02_K33	08	101.45	148248	151658
3d3348c561a5387ecce29fc7f23e0b95_02_K33	07	97.43	148248	151658
3dc21347ce27d6f6ff045bbd0afb7c5b_02_K33	07	115.81	151658	148248
3de94637696792217b5d8aaa9fcfbe52_102_K33	07	109.61	148248	151658
3df1c8a77a66813587acbd5a76038231_02_K33	18	99.0	148248	151658
3ea941921648544d9d157ad6fa829a55_02_K33	18	104.92	148248	151658
3ee6b2b096e0e7df3be0fda3d525a009_02_K33	18	109.61	151658	148248
3f6d6685d9f013b0fe32fe389fb97174_02_K33	07	115.81	151658	148248
4017d496ac52d9c7ed7b20b7f334cb34_02_K33	18	92.3	148248	151658
40248de3e79315af9d196924782099a0_02_K33	05	111.6	151658	148248
404859ab2327f72725f8495591afdb62_02_K33	18	115.81	151658	148248
4096132ef1a957deafa6c910e1b500bf_02_K33	18	113.67	151658	148248
40cd7995af1213ec85552ee85d1c1d15_02_K33	06	118.04	148248	151658
414b8ae0fc81ba2ecc8f1b424f37cd61_02_K33	08	112.62	151658	148248
4189712e37a125f89ee771d0d79cec0a_02_K33	07	93.71	151658	148248
41c57f09b7231e0420d4039db2aa9a76_02_K33	19	104.03	148248	151658
4201cc91752eb56de4f5df034338adc5_02_K33	06	104.92	148248	151658
42652c69edfbcc725431095d3613ddfe_02_K33	08	88.96	151658	148248
433124265d832f279be9d9550fe6d50c_02_K33	07	114.73	151658	148248
4364f71482c65333354e3c105f8b932f_02_K33	08	109.61	151658	148248
437445bf37d30fd498bcf30e4df3914e_02_K33	18	103.16	151658	148248
43798dd49a28f9e38058a0ac64954ede_02_K16	07	98.21	151658	148248
43946595258f7efd251376c45e7f7030_02_K33	05	112.62	148248	151658
43bb0ca181a0d75afed4a8772fcbdfc5_02_K33	07	92.3	151658	148248
43d3298dd3835dc1b204dfbb658f3085_02_K33	07	102.3	151658	148248
447fea18681c1466ab7d846574acc931_02_K33	06	88.96	148248	151658
448d7c1da36b7a5d685144eb8d0d27e1_02_K33	07	99.8	148248	151658
44c22e4af6eb2f153611ab295de885da_02_K33	05	115.81	148248	151658
451b06deba5cde8098a7aa261179a8a8_02_K33	05	113.67	148248	151658
4603a3e970e39d1baec1ff8777af3343_02_K33	18	84.66	148248	151658
46d055f4778943dc9741ae8678fdfe66_02_K33	07	106.75	148248	151658
47567c372092d0f2087da80a2352ebe2_02_K16	08	102.3	151658	148248
47fabc97aa54c657ecce83d3ade3e949_02_K33	18	87.06	151658	148248
47fb1d41464d7bec96a1a9074d52fd99_02_K33	18	112.62	148248	151658
4864b43a4b9281f40956e940ab8f0635_02_K33	08	99.0	151658	148248
48b17d1a55af5431d28f8507eb052636_02_K33	07	107.68	148248	151658
48dd72dbd6e428d077455cb4b22499de_02_K33	07	99.0	151658	148248
48e65f908403910458dc1a4ac99d756a_02_K33	06	88.96	148248	151658
48ef4bfad52a35f2aa88c07a52ce1dfc_02_K16	18	84.66	148248	151658
491dea047e93b53c4ed31417db160570_02_K33	05	81.84	151658	148248
49421c52db21f3b7ce2be440648d6d22_02_K16	06	84.08	151658	148248
496af70c4649e615df5f72221a6a9c54_02_K33	18	108.64	151658	148248
4975b7dcd6e983c36e84fb61c6fe0519_02_K16	18	95.91	148248	151658
4992de63b7e45ebd539152ffd1b87be2_02_K33	08	103.16	151658	148248
49cc7943ffdd7a050c5b77f60b98d06a_02_K33	08	91.61	151658	148248
4a29937d8b595993247f93ef6d5a9097_02_K33	07	90.93	148248	151658
4ac959de4548f2f7088bede47c0e4d3e_02_K33	08	106.75	148248	151658
4b50976172f10d2048033011b94f4651_02_K33	07	113.67	151658	148248
4bb8c130db4aedf7604160c930b1d501_02_K33	08	119.18	151658	148248
4bc4954b900be1ad65f6e69c82a4fcc0_02_K33	06	113.67	148248	151658
4bf57e9fa2b43bb4f10247756cd2ce52_02_K33	05	113.67	151658	148248
4c47ea36c12a23f9597009648d2d8d19_02_K33	06	81.3	151658	148248
4c74acd3620c1914fd787c6eedc9abca_02_K33	08	104.92	151658	148248
4c930202971b66b595af96a77517291d_02_K33	06	109.61	151658	148248
4cce1eccdd15caa4afef474c2f8d81ad_02_K33	18	100.62	151658	148248
4cf6aca412ed4cff84c1c793b5e2a558_02_K33	08	109.61	151658	148248
4e51e4e7a974bad90761b9694fa7609d_02_K33	08	104.03	148248	151658
4edfaefab49cbf6679bb8a60e18eb61a_02_K33	07	78.69	151658	148248
4f4ca48e96c5537781fae0f9fd3baa77_02_K33	07	116.91	151658	148248
4fbcd6b413cfcf68dc86b570634f0f51_02_K33	07	108.64	148248	151658
4fd3d47485f2e0f73eed0641411bad87_02_K33	07	119.18	148248	151658
5008da28e5823cd72a7299fa752371c9_02_K33	06	106.75	148248	151658
500aa3c1140a9ae6db1904e714e8905b_02_K33	18	104.03	148248	151658
5044afcd36ab6d880f3ce251face7c4d_02_K33	18	115.81	148248	151658
5050972a6ab508749cdfd38ba3e1e518_02_K33	08	118.04	151658	148248
50575970a88fbac2978e3a59e492a47d_02_K33	07	101.45	148248	151658
508ff86f0f5f07cad2b9a3845bdf1d9c_02_K16	05	84.66	148248	151658
50ae036d7d54d86cbe82f1956e65ae8e_02_K33	08	111.6	148248	151658
515f8f1ee0928b24073a49579fd35166_02_K33	18	106.75	151658	148248
51995ef838fa9218dec7289facdf94cc_02_K33	18	110.59	151658	148248
51a888d797cd8c25fb69824563ae5f57_02_K33	07	104.03	151658	148248
51ad3df07e504c518d65cf17310b18bf_02_K33	08	111.6	151658	148248
51e72217d4aa97071b48e2d532fe425f_02_K33	08	94.43	148248	151658
51faba2970f5212a012b37ef7bbdcada_02_K16	18	99.0	148248	151658
52151d86bc2d1ab2f0c30b43863a33ef_02_K33	07	115.81	151658	148248
526759449799f666bb20e8770603845b_02_K33	06	99.0	148248	151658
52a04e5942becc8dee0abe7a727fc741_02_K33	18	86.45	151658	148248
52a5ed7682f5e42214e5e14b4037d1c0_02_K16	18	90.26	148248	151658
52af533a6fe42396a6a970fa11ea9451_02_K33	18	118.04	151658	148248
52b747271a14c599c52eafec2b3bbb34_02_K33	06	119.18	148248	151658
5310683357444187323a1c138dc3a6a2_02_K33	07	89.61	151658	148248
53266f292e044b31e8f3b19f1abf91a3_02_K33	18	101.45	151658	148248
53697e23a959dc90207a851ccb05ce6a_02_K33	06	82.95	148248	151658
5369ad64e1e37d01c82bd7c5da9caf7b_02_K16	06	101.45	151658	148248
53f0a415012d88c75337e8924e7cd4bd_02_K33	07	110.59	148248	151658
543253cfe3e4478bd9745650a50aec7a_02_K33	07	104.03	148248	151658
548943cb817e79c872a5693ce4dd9dcb_02_K33	06	94.43	151658	148248
548b14de07afac5ea1785c20c74f7c67_02_K33	05	99.0	151658	148248
54f22ff32da653c708ed736b7ea4a4c0_02_K33	07	105.83	148248	151658
551102fa41ddd384af9d4ebc758d5973_02_K33	05	114.73	148248	151658
5555e7927b9cdf9ac153f8ce029cbb2f_02_K33	06	84.66	151658	148248
557928a0d33dc797b72250f45a4c130a_02_K33	07	98.21	148248	151658
55ba1aebb7aae725e0bb50f40f29b22a_02_K33	08	109.61	148248	151658
55bad3c77576eb4c80f0ceb331cb0fe6_02_K33	07	111.6	148248	151658
55bb08276b5a4e0f99a8143ea69759d7_02_K33	05	118.04	148248	151658
55e42ac2946e5f2f2488b61d688ec52f_02_K33	07	96.66	148248	151658
5633f5b562f7a4212237f07f6c7bf8b2_02_K33	08	118.04	148248	151658
56c75f354d9bdc7e75b20c72fda3690b_02_K33	18	112.62	151658	148248
5725269c1267b4c65fbf0642b2b728ed_02_K33	07	103.16	148248	151658
574914be75361ceb3a29fa423e225f3d_02_K33	06	115.81	151658	148248
574ecf3bb346591f6ae1f17b80feb38f_02_K33	08	99.8	151658	148248
575cbfb446cd8da62222adf48e73a355_02_K33	19	93.0	151658	148248
57725fc513b6041979c80750d335a2d0_02_K33	18	92.3	148248	151658
5853ea51191566517598d6fb93a00e05_02_K33	07	114.73	151658	148248
5858bfcfee169c47867af2c7b7936cf0_02_K33	08	112.62	151658	148248
59733394ae191c76a52b9126eaec17a9_02_K16	08	87.69	151658	148248
599e9534d576bf45ef60c66f3ab3a3e1_02_K33	18	110.59	151658	148248
59dae454b3a993113cf55c7b5f751740_02_K33	18	102.3	151658	148248
59de74ea1c61a448485a919767e75333_02_K33	18	90.93	151658	148248
59fdf3d0edd402b1a56907be294b4aa9_02_K33	07	99.8	151658	148248
5a5a239e0a09dcf17092a861404455d8_02_K33	07	100.62	151658	148248
5a62739913e0ec0056f48c4a7bea76f5_02_K33	06	80.24	148248	151658
5a8586fc124dbb2a11cf63bd847c5659_02_K33	08	119.18	151658	148248
5af79a31634be4d983a246c2dd321f66_02_K33	18	96.66	148248	151658
5c2b10d8af8ef227ed7199fb98485529_02_K33	07	93.71	151658	148248
5cde825f5fed17114152d653ab69d9eb_02_K33	07	96.66	151658	148248
5ce97bc297f52dfbc2bcf80336e96d15_02_K33	18	99.8	148248	151658
5d2ecae21d6a5d834420dbb675fd77d0_02_K33	06	101.45	151658	148248
5d8e474163ab63bd0b49c8b8e0f416a8_02_K16	07	93.71	151658	148248
5e4a2aceaa14b554040a455b644cb489_02_K33	18	104.03	151658	148248
5e63f35cb4d2c49c10b9cfec2206ddfd_02_K33	07	115.81	151658	148248
5eb1c15ecfb56a7fe7a09a50903ae092_02_K16	06	90.26	148248	151658
5ecf5124673bc356147a885664ecfbb9_02_K33	08	101.45	151658	148248
5ee12269e01744e3b3f3bcfebfcf6ae5_02_K33	08	119.18	151658	148248
5ee601283b1b5932e68351bea7411ea6_02_K33	18	107.68	148248	151658
5eee0fa103aea2c1c0324bfd322421bf_02_K33	18	108.64	148248	151658
5f26f0e85a86152dce7f6122754746fa_02_K33	04	93.71	151658	148248
5f8b2e10708ac838bbe87b157ab8ce67_02_K33	08	114.73	148248	151658
5fb2d6ce36fc1c5c1d5683a47baea2f3_02_K33	05	90.26	148248	151658
5fb57a4e4c3ab2ad6fb50dcb2f3463a7_02_K16	18	98.21	148248	151658
604b4d2a8151a44e59e47683dd9ea522_02_K33	07	108.64	148248	151658
607391b38a2e2d130309025348fd42e7_02_K33	06	113.67	151658	148248
60d3fa4f47ce5a18536d8d67d98d1c1f_02_K33	08	111.6	148248	151658
6156451e85578152bdd70733822b64ab_02_K33	05	106.75	151658	148248
61697de544e2052e4da39817d1e86b0e_02_K33	18	80.24	148248	151658
618cefefa7fb72298863e836ebb340e0_02_K33	18	97.43	148248	151658
61c39862459b8a8bfe873389226722ca_02_K33	08	96.66	151658	148248
61e585b6562918a85ef144a30ee81685_02_K16	05	88.32	151658	148248
623024708cc708d6b987e739bfbebad3_02_K33	07	111.6	151658	148248
623390f3a6502d70751ad12a5e815b81_02_K33	18	99.0	148248	151658
6253274aced4a9ea8e8d42c214cb05ff_02_K33	05	90.93	148248	151658
62822ff8b1133808fb88b2ee23111fcf_02_K33	18	101.45	151658	148248
6282fc99ecb49d34c69373b6cb6d7a63_02_K33	06	119.18	151658	148248
62a4dad6051345856dd934902156067e_02_K33	18	81.84	151658	148248
6363ab756d9e12b077f9161819fac766_02_K33	07	104.03	151658	148248
63ff8033e56d7f62efb708b7dfa8d832_02_K33	18	94.43	151658	148248
64068c52d02340be852c51070e37eba9_02_K33	18	114.73	148248	151658
64167e4dbf81c01fd6c429bf5a4e3b77_02_K33	18	106.75	148248	151658
6421fe61e2dce6912da15b46ec3e8806_02_K33	06	119.18	151658	148248
64843e14a45e412e90ebe6845951606d_02_K33	08	115.81	151658	148248
6528c28f40c516a2dc500539cd958050_02_K33	07	113.67	148248	151658
65734bf5538684213a195bb11cf904ac_02_K33	08	111.6	151658	148248
65bb6043d9db28378885235281050368_02_K16	07	91.61	148248	151658
664de8272d4167f7f694de50e740d84f_02_K16	05	80.24	148248	151658
6655f51c8ae3dab53f35cad49a5b990b_02_K16	06	79.2	148248	151658
665eb88278ad2682481552ad95ae89d4_02_K33	07	93.71	151658	148248
66f082c854bbefacdc6b1b114b62caea_02_K16	04	85.85	151658	148248
67095454739b66f659f564158affaf0a_02_K33	07	113.67	148248	151658
671a670ef903889d8825602709a0aafa_02_K33	07	110.59	151658	148248
6721068473cc366cc7a57063be5b66f7_02_K33	08	112.62	151658	148248
6775e589a595abd21771722eddb8328f_02_K33	18	97.43	148248	151658
67f4a5cc7c2c5947aff54570b2b1707a_02_K16	08	90.93	148248	151658
680fd3f17744beab978e7b8f96f83363_02_K33	08	107.68	151658	148248
6867b2392e2c715dd371ebf103a27785_02_K33	18	83.51	151658	148248
687118b9bb2bf7a89526433965dde38d_02_K33	06	95.91	148248	151658
6922cca0fa9ea14e05b013ad449a54c1_02_K33	18	116.91	148248	151658
698cd3201d37a7502650fec17b9e3b26_02_K33	08	110.59	151658	148248
6a1183c97f74fb9d0361de3f0a81381b_02_K16	08	84.08	148248	151658
6ab3f33e8f14ecb9adb59dda62186970_02_K33	07	119.18	148248	151658
6ac135836531a9c2f6e8b43d82b39963_02_K16	18	97.43	151658	148248
6ae1fbdbb7441a24be6e7d015d3012ba_02_K33	08	105.83	148248	151658
6b1f83d9a7f1050d0a6b0f876fc7466d_02_K33	07	85.25	148248	151658
6b71947799d2a0ca4b3cb52f71c550cf_02_K33	07	116.91	148248	151658
6bffaf2a5dbb72138cd18e58a79c8d67_102_K33	07	90.93	151658	148248
6c1bf8885a2100c46470e600a250114d_02_K33	08	93.71	151658	148248
6c68e81cf2c3b6b45b38b11fde245039_02_K33	18	115.81	151658	148248
6c8179590746e3b56e2db955524ece61_02_K33	06	113.67	151658	148248
6cd24a16465ef6b572a7afc837ae860c_02_K33	19	106.75	151658	148248
6d02e0bbb622d96306ee9d0ec0c320d3_02_K33	08	113.67	151658	148248
6e0501f28df702ff0df546b6d53eb239_02_K33	06	116.91	148248	151658
6e1167d877edd7de64c3d527c6db62cb_02_K33	18	118.04	148248	151658
6e86cb57ae497222abff188072b27625_02_K33	07	115.81	151658	148248
6eb28b07cd7bd3feb781cdc566b2ea36_02_K33	07	112.62	151658	148248
6ee639ea2500830a4eda9021d4079b55_02_K33	07	104.92	148248	151658
6eec38fc2607245d8f8c674d5d0f5e04_02_K33	07	119.18	151658	148248
6efe4fdff522df429d674d95df65b034_02_K33	05	114.73	148248	151658
6f11d3353e98bec8b4bc39315a8360ef_02_K33	07	108.64	148248	151658
6f7f5a0e3d2718a98a7efb4e33a59424_02_K16	07	87.06	151658	148248
6fc889e12a8f063fead016755f02d665_02_K16	08	98.21	148248	151658
6fc9ac16b41bc21e4f082696ba8c3724_02_K33	06	119.18	148248	151658
6ff41cfcf0faa1273e08dec8e2855d19_02_K33	06	87.06	148248	151658
700e39df30365174a6a3b18c2e6ccf89_02_K33	18	101.45	151658	148248
70460e4f1de4ccdffb7fb260643f7b53_02_K33	08	106.75	148248	151658
7067a13b3d9f7f41bb6e7f5b8c56c8f6_02_K16	05	85.85	151658	148248
70ef0a1ae7e12a2be5f28a036443fe93_02_K33	06	119.18	151658	148248
710f6450d6efa0d9f9cce792ec65d880_02_K33	06	113.67	151658	148248
711816e69a2aa95785620bf6afe80bef_02_K33	19	116.91	148248	151658
71444db050dd2940a4d6b976177c47dd_02_K33	05	97.43	148248	151658
714df8c6846c42905c5d6e0f26e31f3a_02_K33	08	97.43	151658	148248
71fe492932f7c373b51fd9217e9af8ec_02_K33	08	96.66	148248	151658
722d256dda6ed78c9989d7ea2efb5f10_02_K33	18	119.18	148248	151658
72751e2423a197843e28708a46e734d0_02_K33	08	114.73	151658	148248
72d12d5570ea5db488f74a41ac5d4553_02_K16	18	95.91	148248	151658
73296f6ca6f5ea2d890af702e9309544_02_K33	19	113.67	151658	148248
74174e9976f112fa22a70686fcfa215f_02_K33	06	89.61	148248	151658
743a968565ed681f358073fff63d65ce_02_K33	07	119.18	151658	148248
74b3f92afd64d8cc0859f5d5ad9424f2_02_K33	18	118.04	148248	151658
75a816bb95d83157b21179655d58d16f_02_K33	06	77.7	148248	151658
75a8dc5fa42b61713be199a2f56a0c65_02_K33	06	85.85	151658	148248
75e881c44bd22dcc918e89ef0ce281fd_02_K33	07	108.64	151658	148248
75f07893a75544a32ee7057965b55947_02_K33	19	80.24	151658	148248
763e498ccdd8248967c096aeb5f70802_02_K33	07	115.81	148248	151658
7663528c32e1165468f8712f7d892190_02_K33	06	102.3	148248	151658
766d04a1b76c3ffc695613f8fe4af08f_02_K33	18	101.45	151658	148248
76756496efce28371093657a33134063_02_K33	18	108.64	148248	151658
76fe3d9e032d153b046f1b73b0c02203_02_K16	08	93.0	151658	148248
77af41e1b8bb2b696656452cdc9dbe60_02_K33	18	78.69	151658	148248
77c3a81bbe79efc364a66b2cd5524455_02_K33	18	107.68	151658	148248
77d24cd30271a9a9f32726ed875f0d88_02_K16	07	101.45	151658	148248
77d45c2e4e772f43e271e5a6fc3958c8_02_K16	05	87.06	148248	151658
77fa59ba32ad5227fccbd26ebb0fb427_02_K16	07	92.3	148248	151658
780bd54556293c6c1e1d8b56475c3049_02_K33	07	101.45	151658	148248
782aa59cd66ce45ebfcfcb18cd72a5a6_02_K33	06	113.67	148248	151658
782c3b93cfdc04ffe93ae7f39bd0dac0_02_K33	18	93.0	151658	148248
793483334e3377d6712c5f10f2a3ce84_02_K33	18	118.04	148248	151658
797b98a39ef97b3c7ac5c49963dd1848_02_K33	05	85.85	151658	148248
7986a0108b448995f93454e58c5e6b2a_02_K33	18	114.73	148248	151658
79b7a11312bcc1291fa7f636c5ec2445_02_K33	06	115.81	151658	148248
79bc790507de7523d80b252a30ea6ed9_02_K33	06	106.75	151658	148248
7a04e76efdcbb94e33144712017cbf13_02_K33	07	101.45	148248	151658
7a0a839d7b9dae9cb2261059e62ba8aa_02_K33	05	99.8	148248	151658
7a76e98897885e40a94ab11f08044fb2_02_K33	08	109.61	151658	148248
7ad0fd2870bc612ff35891d88087d7ed_02_K33	08	89.61	148248	151658
7ad68edd999190b59e8ac6bf1494e58a_02_K33	18	115.81	151658	148248
7ae9ea1c6c883c9d1591a1f29ae06c85_02_K33	06	97.43	148248	151658
7b050048ca5b72fba08f0847dd5d3aa7_02_K33	18	89.61	148248	151658
7b183302a2f59053ff70da44c925cf88_02_K33	08	116.91	148248	151658
7b3c04c5ddef6b8078bd415fc8e3f4d6_02_K33	18	105.83	151658	148248
7b6b9db2da765041242bf8a50ea4fc1e_02_K33	05	105.83	151658	148248
7bc24ab0a014745d035fb61051f78419_02_K33	07	113.67	151658	148248
7bd7a67538287045a75094526b5f9dc1_02_K33	07	99.8	151658	148248
7befdc5f3329b931f1ee0df5f6eb39b3_02_K33	19	103.16	151658	148248
7c184636d3495f3f5012bb4d04de60dd_02_K33	18	115.81	151658	148248
7c4e440328e94b244d7e47c2cd0441f2_02_K16	07	79.2	148248	151658
7c604fc68d49a89fa65c3c2e37222ed2_02_K33	08	114.73	148248	151658
7c74ffd7ee8c75f1bbc223c2ecd85650_02_K16	08	93.71	151658	148248
7c7a6e92274cfcc61d87c2a07e38b85f_02_K16	07	102.3	148248	151658
7cceba855754a00ae3d37babf9947cfd_02_K33	18	116.91	151658	148248
7d3fcf055462913e366eeb09f9ef9927_02_K33	07	103.16	148248	151658
7d4b130374a0af8f758d064fdcfbde50_02_K33	07	110.59	148248	151658
7de796296dcdd3b7bac463e72fb0553e_02_K33	18	114.73	151658	148248
7dee5a5ab612c2529327dca45bbba703_02_K33	07	107.68	148248	151658
7e405f3d4104bec8e2d72a65f6af892e_02_K33	05	104.92	151658	148248
7e4bbcc8fec9400959cd4b2fa631ab8c_02_K33	18	97.43	151658	148248
7e9ef56b851c0b0a439ffbe89b2e3eea_02_K33	06	85.85	148248	151658
7ea714690b8d40f75f44943f729d4127_02_K33	06	93.71	148248	151658
7eddfebe16beb4f80091e4eb78dd91bd_02_K33	07	106.75	148248	151658
7f2572baf601b9d995982e16bcfa6eb9_02_K33	07	107.68	151658	148248
7f4880795aed5cde09b726c791d81731_02_K33	06	100.62	151658	148248
806e6bb6bd9a4c968a486e1fae8c3d5a_02_K33	18	119.18	148248	151658
80b92dd18d42a81055a04a4ca8e96279_02_K33	07	111.6	148248	151658
80ca2e2e841e01a42aac2206d120b908_02_K33	08	85.25	148248	151658
80d81c1c53d62251fd6189042a6c41e6_02_K33	07	115.81	148248	151658
811fc1fb0732e462029c758833e1713b_02_K33	18	67.08	151658	148248
81410aa338451ef1dfc1b59937a77604_02_K33	08	104.92	148248	151658
814572710e06caf0e63be7c4bb7165b8_02_K33	06	105.83	151658	148248
814b3a816f1ad45a1727f148ea029796_02_K33	07	110.59	151658	148248
81a3f5277b9081494fe0381e9573c591_02_K33	07	104.92	148248	151658
81a8ec85247d184adffe897bc5908c41_02_K33	08	109.61	151658	148248
81b1f778e5c440f90a7573b8a972feb3_02_K33	08	114.73	151658	148248
81fe1b670e0d24adab2b57f984b00be3_02_K33	06	93.71	151658	148248
8204ea135a9a2b8b15e2e88316a5d046_02_K33	18	116.91	151658	148248
82570a8ee606ca31c04a53d808605134_02_K33	18	109.61	151658	148248
825cc3d70016fefdf391c22544d7530c_02_K33	08	110.59	148248	151658
82a7c734dbbcb34d509cd4a9db442dc1_02_K33	07	84.66	148248	151658
836034ffe8f705ce0376f5237a6f7ef9_02_K33	06	102.3	148248	151658
83ce22fc24cabd2eeb2f03d42df89a8e_02_K33	18	107.68	151658	148248
841ee6d39eb3432101acac915c3232b4_02_K16	08	94.43	151658	148248
843f1de2ee3bebe6a80eef47486d7fb8_02_K33	07	95.91	148248	151658
8469601e0ed50384f4bcc78de81e9981_02_K33	08	93.0	151658	148248
846b13ccb0609c8a19078de5b6619354_02_K33	08	107.68	151658	148248
847158cf3945e9fcc1f2e5102711f157_02_K33	18	105.83	148248	151658
84727f31a623642da585e01f52b6c764_02_K33	18	98.21	148248	151658
84a01244695b66a41bd1116f1c569d82_02_K33	06	99.0	148248	151658
84aac01e18aa8c8ad2c60111ac3f3da6_02_K33	18	111.6	151658	148248
84d60eb31b19fc03a3063f65d3808a86_02_K33	05	116.91	148248	151658
84e1aed0f19dcbd87263f3eeaacc75d0_02_K16	18	84.66	148248	151658
850e34f0a8f3fe0a172dcf6c7383493c_02_K33	18	113.67	148248	151658
85637f790f0a52124987b994c3943b0e_02_K16	07	94.43	151658	148248
8590a74d15af545cf89a163047ecd42e_02_K33	08	118.04	148248	151658
85a386d2fd43fca2711181eae36db669_02_K33	06	110.59	148248	151658
85a94642a9241c1972cc1fdb0a147daf_02_K33	18	95.91	151658	148248
85d2f454df643e9e4994684f3bfad27f_02_K33	08	109.61	151658	148248
85dd0d45d5486a75e2e52b71e666d5cb_02_K33	07	110.59	151658	148248
86234f96bddd6d906641652f7d5455d6_02_K33	07	116.91	151658	148248
867419ff80201f0b3620cd64abb16e2c_02_K33	06	99.0	151658	148248
8698845e5ad202ac13a1df5159d09d10_02_K33	18	115.81	151658	148248
86a150bc75ab8c2f4494a055c058c18d_02_K33	07	118.04	151658	148248
86cfe21d3f55a4248af250ade4b17eeb_02_K33	06	93.0	148248	151658
86fc71448ffc993e5c04e43538f2f066_02_K33	06	104.03	148248	151658
87398ef68240d415bda6e9dc61aa7c83_02_K33	18	119.18	148248	151658
87483a78e3ee7b8586de95896ec3d050_02_K33	06	95.91	151658	148248
874ff028f16fbf586a989e149a02c19e_02_K33	05	104.92	148248	151658
877970ffbcad817d41cdad3cb0747706_02_K33	18	112.62	151658	148248
879df9d149eaa3c9fd28455938c7b12b_02_K33	08	106.75	151658	148248
87c6181c97c1c87e5761904e235cac6f_02_K33	18	98.21	148248	151658
87d47b271c593db87ce4b17000bc2da2_02_K33	18	114.73	151658	148248
8807119dd6fd3b0283d5ca6f8e871a5a_02_K33	07	104.03	148248	151658
88125eabe2de256ee637dc8886670ed1_02_K16	06	93.0	148248	151658
8816d5f21224746a0eb78a947cc7cc30_02_K33	06	104.03	148248	151658
884aaa7d84c4ca0b3229ff76e55a62c3_02_K33	06	114.73	148248	151658
89564b713818861618d0257ea2904621_02_K33	05	82.95	151658	148248
897d9a9df10527d689e48447bcc96f77_02_K33	18	109.61	151658	148248
8a0b2f6b671705f03c836787dc011fc8_02_K33	18	93.71	151658	148248
8a4cbf436bebe5030feb9f87ac15d34b_02_K33	18	109.61	151658	148248
8a5548aab99b831be637650eec5594b5_02_K33	18	112.62	148248	151658
8a59975b559b7ab65921a207fc199829_02_K33	07	104.92	148248	151658
8abb479a11768a27d65701b85d97a701_02_K33	07	107.68	148248	151658
8ad4a84278a572564ccf36c87f246f53_02_K33	18	115.81	148248	151658
8aeb9441115a9494b1f0faf4b61bc65a_02_K33	06	114.73	148248	151658
8b201fb113c812111c6ba9db1c58223e_02_K33	06	86.45	151658	148248
8b2e3798a12321e6e9010fc104faf905_02_K16	06	85.85	151658	148248
8b4e7a37974d8c2d19b4e062529f8d27_02_K33	06	119.18	151658	148248
8b6a507ae21b6d17ef1a3c48d49ab3b6_02_K16	08	86.45	151658	148248
8bf1e033a2e20f613c08b3cc097b9562_02_K33	04	110.59	151658	148248
8bf61e17fd7dc7738cb47b12fa916ec5_02_K16	08	98.21	151658	148248
8bff40e24450138137b577cedd604e85_02_K33	07	114.73	151658	148248
8c0fac7152153b68b94679a4408481ca_02_K33	07	98.21	151658	148248
8c2dcfc03abeef22713bf362884b94b7_02_K33	18	106.75	148248	151658
8c4a8c0c4d89c4a56b713108abc3ac5e_02_K33	08	111.6	151658	148248
8ca228498986b5ea69bc4d2f69ff4a2a_02_K33	08	94.43	151658	148248
8e0c522627ec825035af02f4e24988b3_02_K33	18	105.83	151658	148248
8f62297aa22398a2a3f3ebb795fdc226_02_K33	06	105.83	148248	151658
8fe10458702e0337ac75ba08aeda6eac_02_K16	07	96.66	151658	148248
90327e970fd0a37cf059be620ca9f413_02_K33	18	96.66	148248	151658
915e361cd19d26650acfe6c40ce57764_02_K33	07	97.43	151658	148248
919b5ef6c10dd01d3efd48757a2558ce_02_K33	08	105.83	151658	148248
91f7a02a8807823834d65add3703946e_02_K33	07	104.03	151658	148248
92264eee2562b762e82daef5d3ab3dc1_02_K33	08	113.67	151658	148248
92677d039e15aa08dd7c75892b955f22_02_K33	06	107.68	151658	148248
92a6a60dd11e6cee0a5fe3a44a91c4b0_02_K33	06	90.93	148248	151658
92adf1a335064543a1f3d9ec85f253a3_02_K33	07	116.91	148248	151658
933bcef593d7754362ae611bc84b8ff9_02_K33	07	99.0	148248	151658
934b4a32b070de5318dcdc6a659ad814_02_K33	07	112.62	151658	148248
939605f50685213fa15a8b9014d60e67_02_K33	07	112.62	148248	151658
93d30c34db706e4aa03367190e42bc3f_02_K33	18	114.73	151658	148248
93df5ce8fe4baea14599abc53582ed08_02_K33	08	114.73	148248	151658
9419e1a1d837de2d683db816dae1b9dd_02_K33	07	91.61	148248	151658
9451a56a89f81f24e72f4b911d08ddcf_02_K33	18	101.45	151658	148248
94a1df1c66f7f6c76f58ab94c4925f91_02_K33	07	80.24	151658	148248
94d585ca0d0af8fd94ff4e8f41205038_02_K33	06	99.8	148248	151658
94efd4ecd5724ae9b803838f5e93d97e_02_K33	08	97.43	151658	148248
94f275bbc8ac8e044c291f9148905b83_02_K33	07	104.92	148248	151658
957714a9b1ba1bf35a42eb6d9c3508d8_02_K33	06	83.51	148248	151658
95a7b6d77472e8d796d5a464efdb237d_02_K33	08	110.59	151658	148248
95e38334e65bbda8ba81e61e609eb0f9_02_K33	08	114.73	151658	148248
9603e400c22c9186f9b0227d3da4af13_02_K16	18	79.71	151658	148248
968b1815b6ebe2e310b02c812bef0765_02_K33	08	116.91	151658	148248
96c4100a0d2c1b212cdd283de2b69f86_02_K33	18	110.59	148248	151658
9702ea2e1c1400957436bca1a2fb1428_02_K33	18	113.67	148248	151658
9715f90bad8cc6a9e292c398017abb1f_02_K16	08	104.92	148248	151658
97234de03e510acb727479b3df9fd89d_02_K33	07	93.71	151658	148248
9728ea529cbc43aab62e9b8ecb24fade_02_K33	07	118.04	151658	148248
973bf3e3fcd1d78bfd1d2c27c01f01e8_02_K33	05	80.76	148248	151658
9774b6d7c90f053b2116e15e7a18ae57_02_K33	07	90.93	151658	148248
97b3f1c34b577ffecd6a1bee6e72d734_02_K16	07	97.43	151658	148248
984db5905a0ec255e0f9b9cf4bade94b_02_K33	07	95.91	148248	151658
984eeac2778854b0a9bd112948c2526c_02_K33	18	91.61	148248	151658
9858a604b44920b5662acbfcbfe7db1d_02_K33	08	107.68	151658	148248
985be3cbf5db7ddd7462bef56bb06ccc_02_K16	05	73.51	151658	148248
98670ff251e2406b4c822a5499e5de8d_02_K33	06	114.73	148248	151658
98d9c58b34e0cfcb1c47f6be75db8018_02_K33	18	88.96	148248	151658
98db4ee9c7e03b06704a4d9ce501c5dc_02_K33	06	113.67	148248	151658
98e44cb183498e89f437847889de0b98_02_K33	07	116.91	148248	151658
99052b0382db191518d6d10015130df8_02_K33	06	115.81	148248	151658
9914483fb604b1d2af8d1ca58189329e_02_K16	08	93.0	151658	148248
993c611ee9f365bf5e8d6ccbb5d2a694_102_K33	06	98.21	151658	148248
9962c023a08aa2e8f893047d539c3447_02_K33	05	102.3	148248	151658
9a2b00f2fbdd8e59f050d04161dd4642_02_K33	08	108.64	148248	151658
9a6588d092c5f138952930b7f3caa254_02_K33	08	108.64	151658	148248
9a9eef93edf00da886779c9af8e294e6_02_K33	08	109.61	151658	148248
9b081a8bad0250b32b163bf8fa9175bf_02_K33	18	90.93	151658	148248
9b0b79283ffe488cad55099d1bc18692_02_K33	18	102.3	151658	148248
9b15a77d08e94c2785a51e426e8967f8_02_K33	07	112.62	148248	151658
9b66d49bb65a2acae743c7c62036daa8_02_K33	07	84.66	151658	148248
9b7f821c37b7272e3ba97dc0e9e33d44_02_K33	07	115.81	151658	148248
9ba89a03cd3bc2de39d8779b993db80d_02_K33	07	104.92	148248	151658
9c1c90628dfabb2b2636ddbffe8b93f6_02_K33	18	108.64	148248	151658
9ca3e66d0f0f257d14f115cb0069a37b_02_K33	06	113.67	148248	151658
9d0c86e66a5e4856b34b533d0241234e_02_K33	06	93.0	148248	151658
9d151ba5a07f6fcaa83d628dee74be38_02_K33	06	97.43	151658	148248
9d3943ce98eb19bf55c58b614ea40125_02_K33	18	94.43	148248	151658
9d995be10298a9399a7d2e025035a17b_02_K33	18	104.03	148248	151658
9da3bd54947a3d763827e313aab787d3_02_K33	18	91.61	148248	151658
9e0b73a4e425839c688b28a02ee5108d_02_K33	08	116.91	151658	148248
9e21a1a63d37bfb9bd396e0c37772dc9_02_K33	08	106.75	151658	148248
9f0354205c81642d98ea52291a743067_02_K33	06	112.62	148248	151658
9f2ccae8b7b24a8b574d3b286126b229_02_K33	08	91.61	151658	148248
9f5922cd148711abf5891948543181af_02_K33	19	109.61	151658	148248
9f8f00e3be06e33fb6e171e55cf4e11c_02_K33	06	102.3	148248	151658
9fa48cee791e5de6524d39d492c8b029_02_K33	06	84.66	148248	151658
9fe71e87bb1f84c92349813131f15ad9_02_K33	18	109.61	151658	148248
a019ca6752e8e2b2fd67de2d1167f6da_02_K33	08	106.75	148248	151658
a03bae0ad7ba4a66a01a8a74f22fe477_02_K33	18	119.18	148248	151658
a052c33bd086eefa25d2876f1c2aa160_02_K33	18	119.18	148248	151658
a0acb549eb4924cb18e4fa7d023f384a_02_K33	18	112.62	148248	151658
a0bd3a026278952e319bcdca7364f634_02_K33	08	104.92	148248	151658
a0be80354c791a9ffd43038087d21567_02_K33	07	95.91	151658	148248
a0c3d477e6ec25c78869adf82f9ec7f0_02_K33	08	104.03	151658	148248
a0ca1f874e1ddf365dd0198ed562f6aa_02_K16	05	85.85	151658	148248
a0ee56f58c57ae1302d18e93d86f6903_102_K33	08	113.67	151658	148248
a15ea947f1b8eb3915533bd22577382e_02_K33	07	112.62	148248	151658
a1c466623d4759df4fd586d100d94796_02_K33	07	114.73	151658	148248
a1dc86f3f15725b21fab87489a44b875_02_K16	05	81.3	148248	151658
a21c6d46f810f8c0d6ed62201d0967e6_02_K33	06	90.26	148248	151658
a2347b7a2c7e1312eb23bc624185429c_02_K33	08	95.91	148248	151658
a2360ffca83a5a37c69b7296d7c5c260_02_K33	08	108.64	151658	148248
a253cb9d3b0f70e95611ba3e305c914d_02_K33	06	119.18	148248	151658
a27c7be902e3400b2afeef5a49b56cbe_02_K33	06	90.93	151658	148248
a293a7a38ec29c0cdcea4d6fe482b3c9_02_K33	05	95.91	148248	151658
a2d7552981ed576eca05c4b62ca8ee68_02_K33	08	114.73	151658	148248
a2e041b4a0e7babc93d6bc30fcf26a05_02_K16	07	95.16	148248	151658
a33e1cad9eeff5ca00347c0a3fb4bdf1_02_K33	18	105.83	151658	148248
a3571f401b6f7aae4bfade4c6db8993e_02_K33	08	111.6	151658	148248
a357920e537f4fbbdfdb05b1839a46e8_02_K33	08	110.59	148248	151658
a376e6fd87765c2bce0fd9c113aad82e_02_K33	05	115.81	151658	148248
a38ffebbbad50ccf83e9d0a9f37a3fc0_02_K33	07	111.6	148248	151658
a3e5634f94fee578854ca96a0d824004_02_K16	18	96.66	151658	148248
a491534ce23b3c159ec9b26a8da567f9_02_K33	07	116.91	151658	148248
a5232158620770d00ddf50221297d008_02_K33	05	72.64	151658	148248
a5cd86126c1157e1fbd5fe5623f587f0_02_K33	07	114.73	148248	151658
a5f26f45cde29281eb339f783f5443c9_02_K33	07	108.64	148248	151658
a65148e6310c0d1fca1db261384ac605_02_K33	08	95.91	148248	151658
a6a4833fba4c59e0470a425fb429bb88_02_K33	18	112.62	151658	148248
a7299438a6cb3c653cb3ea437c8c0a6a_02_K33	08	116.91	148248	151658
a76406b279ab0080a45b7c98748cae4b_02_K33	08	116.91	151658	148248
a76ba55338cfc91c1abe4fb82d2d9df0_102_K33	08	114.73	148248	151658
a811cfb64a2d2e3fa82e51600c9224eb_02_K33	05	105.83	151658	148248
a82237d9d6c3fcc803961211e71449ee_02_K33	08	95.91	151658	148248
a85dd21268da6f3002eca5386a228aa1_02_K33	07	108.64	151658	148248
a8f5f91d92fdd5f40edc4c1f96c02589_02_K16	05	83.51	151658	148248
a932a75873a3fc9a90cc3248578c785b_02_K33	08	107.68	151658	148248
a939297671ce34686adf38281feb622a_02_K33	18	105.83	151658	148248
a9444978861eea0bbfe5f7fedc8929c0_02_K33	06	108.64	151658	148248
a9bd54b0fced3090d4d5ae6705383ea0_02_K33	06	100.62	151658	148248
a9ec1ad5e0bf263f3d9830a2a723a1ca_02_K33	06	88.32	151658	148248
aa04647913d71a5bbc0ab3188722b5f4_02_K16	05	97.43	148248	151658
aa364908680fefc8ec9969b144634730_02_K33	07	105.83	151658	148248
aa66bc536649d3a6bd9d3ac444f09c83_02_K33	18	116.91	148248	151658
aafdfa1b4e4ad2196d6fc2f0bf9f6595_02_K33	18	112.62	148248	151658
ab3408b0d66be8e061187352fa096029_02_K33	18	115.81	151658	148248
ab4adda581e72b81a4235b59f29267f2_02_K33	08	118.04	148248	151658
ab4e66facad5ca1491e5bdce84dfcdcd_02_K16	04	82.95	148248	151658
ab84be03292e67d34524ec838e04c0fa_02_K33	07	116.91	148248	151658
ab9a6ce38fa88c99471a92d4f7aff3ae_02_K33	07	99.8	148248	151658
abe6723db6ad6159d7241baa78173300_02_K33	08	119.18	148248	151658
abee042a6184f648e0e96e5757b06abe_02_K33	08	95.16	148248	151658
abfa6ff83883735d9758b201024bb671_02_K33	18	114.73	151658	148248
ac1b1d3f8e4fc5b35d9330b640d7033a_02_K33	08	116.91	148248	151658
ac3678635f801740d98be674b462d26b_02_K33	18	119.18	148248	151658
ac6fa1ac4d13751e78d011ac902da90b_02_K33	18	108.64	148248	151658
ace50d2888e2746bfaba9f2478a16e14_02_K33	08	100.62	148248	151658
ad19d59ad286dbf2ce0c98a7900e6926_02_K33	06	87.06	148248	151658
ad208a4144d95160440ea4dd18d888a6_02_K33	18	112.62	148248	151658
ad26986b9a72cff2cc96dc34ff0d09a1_02_K16	07	95.91	151658	148248
ad40b583a0f427d76b511c492b15d148_02_K33	07	116.91	148248	151658
ad861446ece90acdb2f1264f1f20c9fa_02_K33	18	111.6	151658	148248
ad980cc3e1336e9dfd540d2b0526e4e2_02_K33	08	109.61	148248	151658
ad9ffba995daf1fd2b2a876c4f71c6fc_02_K16	07	86.45	148248	151658
adb28b407011352e39ebdf474ed04dc4_02_K33	18	115.81	151658	148248
ae33fd99de4e533e2f9057a523012000_02_K33	18	95.91	148248	151658
af0d0addad0ae589563a7e543e2c3d6c_02_K33	07	119.18	151658	148248
af55b8c8a05f53e6af11278a4444f510_02_K33	08	95.16	151658	148248
af6d5f568693856de7bd56ed65721ff8_02_K33	07	80.76	151658	148248
b08e6a7641f7dc5daee8839662658957_02_K33	18	115.81	151658	148248
b12c0dc0f7bcc8e62bd8f086266f10ba_02_K33	08	111.6	151658	148248
b13a4db4a6505ce7d407a13e0ebb71c1_02_K33	08	119.18	148248	151658
b27119d5cb17dcbed0419e9df0375321_02_K33	18	116.91	151658	148248
b2be97a88f19313ef63277bc6f9b1a81_02_K33	18	109.61	148248	151658
b2e35eb6fd333841eb3497f82eeeb03b_02_K33	18	112.62	151658	148248
b2f8101e21cb5a9dc36499da97317476_02_K33	18	110.59	148248	151658
b30413487ecb6a2fe458c79e2ec13898_02_K16	18	102.3	151658	148248
b4020db2b5de86e578e2540175e0e8ae_02_K33	08	111.6	151658	148248
b437ae6be4cf5544d13ce4b8b2adecdd_02_K33	07	84.66	148248	151658
b444f273700c3c842b30af779c9b834e_02_K33	05	104.92	151658	148248
b4560937b9c9996a26cba96166e7fb36_02_K33	08	106.75	148248	151658
b47c0ed440c7da5d936406e43ebaaa0d_02_K33	18	116.91	148248	151658
b480cf6efc50389bb471c514a5883e11_02_K33	08	99.0	148248	151658
b48fcc151bdbad2448ba76bbc6db8494_02_K33	18	118.04	151658	148248
b4b89b3e2f7c5b598c40b83290188d57_02_K33	18	101.45	148248	151658
b570e02e890731c92ee47299176b31bb_02_K33	18	96.66	151658	148248
b5bece09e0971e69f52f9bdc3b6fd04f_02_K33	08	114.73	151658	148248
b5f080cbfcc4b7f3618f5d767700edc4_02_K33	07	116.91	151658	148248
b6046cb1f6d1b910d2b593a7d0b4c5a6_02_K33	06	99.8	151658	148248
b67ec9e61d35abe877e8b856e5fb0cb0_02_K33	05	91.61	151658	148248
b6873c5fbc3f2babbcb7d74e08760424_02_K16	18	78.19	148248	151658
b6af1b333d3c4d7c1986f479d7f04984_02_K33	07	93.0	148248	151658
b6bca62457311bd787f8e3b262898b98_02_K33	06	100.62	151658	148248
b710e99d01f67cf677c35ad279bdacbd_02_K33	18	111.6	148248	151658
b727d1af1c26209a17e8d000cf58be04_02_K33	05	119.18	151658	148248
b73ddcceda349f232003b9bfc81e2a3c_02_K33	06	89.61	151658	148248
b763fef18dd209430ef809d848247b59_02_K33	06	104.03	151658	148248
b7e32ab120433dea9d263b6da8b6f193_02_K33	06	118.04	148248	151658
b8061e7cf5fc7423089d0794eb84f26a_02_K33	08	100.62	151658	148248
b8a00b2320533295a5f9f2066e1886aa_02_K33	07	114.73	151658	148248
b975ca5c28a7da6e799768cdf2215f1e_02_K33	07	108.64	151658	148248
b9f4396e1033d3765f2801951d9e6de1_02_K33	07	111.6	148248	151658
ba23e50c5e5265c6fb8ecb42534473b0_02_K33	18	110.59	148248	151658
ba499e3de16120e180799c4952c217d7_02_K33	05	105.83	148248	151658
ba7f383bc887525e0aca3a42550cd430_02_K33	08	114.73	151658	148248
baf43063175c6692b4985035ca125b2a_02_K33	08	101.45	148248	151658
bb4078dcb79c300909bf3625499662ec_02_K33	18	111.6	148248	151658
bc1d7c57dc9fef68dfe2d20725770b4e_02_K33	08	106.75	148248	151658
bc9a715eee545df48cdbbb50685b8bab_02_K33	08	110.59	148248	151658
bcc5990467f2bab344291721da276eb5_02_K33	08	84.66	151658	148248
bce272198f4e2f50f0abc7af94331ed0_02_K33	06	109.61	151658	148248
bcf7bb59fd38e42ac889c504a727f532_02_K33	18	110.59	151658	148248
bd2ed114b1925f23ad75d5a3bb0b7e61_02_K33	06	98.21	148248	151658
bd937efdca71411cba4c56e0aec33bb7_02_K33	06	101.45	148248	151658
bda59bd69a208e0c8b6ce4a7ccd17067_02_K33	07	84.66	151658	148248
bdc44b07cfc471c3905b3a47084e5ad7_02_K33	08	107.68	148248	151658
bdec74709ab3deec7112cf9493f409b9_02_K33	18	112.62	148248	151658
be0f53d18035d619d7b918da0f2d4199_02_K33	07	110.59	151658	148248
be37335c92340ee7a9835ca77300b892_02_K33	18	113.67	151658	148248
be38470c7ee6a2525773945f6b084166_02_K33	08	105.83	151658	148248
bec0547302333148fe5b51324c8a90ac_02_K33	18	112.62	148248	151658
bec8788e10ca9cd12866b43ca0bf0759_102_K33	08	115.81	148248	151658
beeea644c3a475b1d8617f5a24d89f73_02_K33	08	111.6	148248	151658
bef7f037850615fdfd5d9fadbd570c9e_02_K33	06	106.75	148248	151658
bef97326a037f6e0a85e93d344239a80_02_K33	06	97.43	151658	148248
bf0f37db0e2f12fd543fb1636a874607_02_K33	08	92.3	151658	148248
bf1f735386bbab2556b4977e0fb51eca_02_K33	18	115.81	151658	148248
bf3c3c6b566d1fad17756995310809f8_02_K33	18	99.8	148248	151658
bf4470deadfa3843848f8e6060c1c418_02_K33	07	94.43	151658	148248
bf70938c88e71c61c84db5a16ad0377b_02_K33	05	109.61	151658	148248
bffed0d37d2942734080b3e7927a57ac_02_K33	08	99.0	151658	148248
c109899636fd106166dd981d0d3960cd_02_K33	08	101.45	151658	148248
c137e0f50d838d8581db551475a79264_02_K33	05	98.21	148248	151658
c13debc098c91918773bab795bd0099f_02_K33	06	90.26	148248	151658
c1863df5a766af9986afe52163e72954_02_K33	05	95.16	148248	151658
c1a0461b3c8fd3fa98d1e993433f4472_02_K33	07	114.73	151658	148248
c1bdb83c5c9b5daddb5dc34d62084762_02_K33	08	118.04	148248	151658
c2331251ba29939b3f0d16ea1553b441_02_K16	07	93.0	151658	148248
c2a23928f6e0ab95454e578cfa22e2f8_02_K33	18	111.6	148248	151658
c359ce0472231935f7c2c259d8e6d8c2_02_K33	06	93.71	148248	151658
c35b5f9431cda39949327711eb9b6592_02_K33	18	118.04	151658	148248
c4153ab9125873feefde452c0ca45cfc_02_K33	08	112.62	151658	148248
c42861b3c1f2d2b83372baaad0b761dc_02_K33	07	99.0	148248	151658
c4cf5932b982423c32f592fe11461082_02_K33	07	113.67	151658	148248
c4d96fe4accfbeac6f649daa47469ecb_02_K33	18	111.6	151658	148248
c567f5fe951195026325a447c08f3956_02_K16	06	93.0	148248	151658
c5a3a7ba7d66fbb57e5e587fee69286a_02_K33	07	113.67	148248	151658
c5f477971202bf5ad50467995ffc687b_02_K16	06	92.3	151658	148248
c62245db61d63f5a371610ec0de2f9c9_02_K33	07	112.62	148248	151658
c62e7a5db974e3a965223f547b945048_02_K33	08	114.73	148248	151658
c681fd4b3300954986984e393d01645c_02_K33	07	110.59	151658	148248
c6d9a6dbb33ae29bd639028c34251e27_02_K33	06	112.62	151658	148248
c7686ba609833674e61f7cde19b8d429_02_K33	18	116.91	151658	148248
c76aedab6175c773545ca1ba3380170d_02_K33	18	105.83	151658	148248
c7b4c556b6c44dfa95d43b6bb9c8a09e_02_K33	07	112.62	151658	148248
c7dfa757d421ae6968095d8e88f563d9_02_K33	18	100.62	151658	148248
c800daf2360f1a436a9e1be2826ea2d5_02_K33	08	112.62	148248	151658
c84efe8facfd45ad223b251b80d867b8_02_K33	18	88.32	151658	148248
c87be2287f0c9e0943a972a4bf0c6e9f_02_K33	06	104.03	151658	148248
c8ed7f7e95b3f73b6fa6e76af469fe3a_02_K33	06	93.71	148248	151658
c98f8e251bf25cf529e9dc9ce2ecfa1f_02_K33	07	97.43	151658	148248
c99910af63a3a3dfc16ca114666f62db_02_K33	06	104.92	148248	151658
c9fd207e7f918361aead3028e5945142_02_K33	18	115.81	148248	151658
ca063bd06c18368be51c1d6114c424f0_02_K16	06	82.95	151658	148248
ca62fbf203bff8ab8fe5f429db6a86aa_02_K16	07	95.91	151658	148248
cb42770511a45f1bd5bf64c60725d1ce_02_K16	07	99.8	151658	148248
cb6a2665e5bae486f7fd7e56fd044253_02_K33	06	91.61	151658	148248
cb8739ad876b6a9795082125b5a9c22c_02_K33	06	116.91	151658	148248
cc4a38fb30017b44decef78652d0e730_02_K33	07	106.75	151658	148248
ccfa76d2ac5a490f4d0aa629735168a6_02_K33	18	95.91	151658	148248
cd5e7bae335f3e9faad65588f8a94c4b_02_K33	18	103.16	151658	148248
cdae059c3c6052cc11b529a5a03219e7_02_K33	08	113.67	151658	148248
ce3cb3d0258f939346c55df2e84bf49f_02_K33	18	115.81	148248	151658
ce418ed5e9106734f1f2dab466f8e0e5_02_K33	19	114.73	151658	148248
ce827a4027e3ba3c333c23df839571d0_02_K16	08	98.21	148248	151658
ced81c46d812d4ba875dc22e030f1061_02_K16	08	94.43	148248	151658
cefb7b17f7e1e62a4c210e4464c89b8c_02_K33	07	107.68	151658	148248
cfc41d3354637ccde20dc0b4df6a78af_02_K33	07	92.3	148248	151658
cfce0050af5bce3e1115c09d8d372e33_02_K33	18	88.96	148248	151658
d06101b3e4a4bfe29f3f589f466a828f_02_K33	18	116.91	151658	148248
d087ad673fa1e3f27fa76a444d25617e_02_K16	07	78.69	148248	151658
d0c300513caa61f78203aa9b7b04b194_02_K33	18	108.64	151658	148248
d127e62a9babc79d737ad174327c9934_02_K33	07	95.91	151658	148248
d143d64bb7bb223853942786e95f133c_02_K33	18	107.68	148248	151658
d17cbedfe7983e38ae8b957609e181e0_02_K33	23	89.61	151658	148248
d1a069a44a7fc8a55a0f208c5c4ae685_02_K33	18	91.61	148248	151658
d2092b7340dc772bfbfe306fb7c30072_02_K16	18	99.0	151658	148248
d2551db6838fb8678c1d60f268fed4a7_02_K33	08	112.62	148248	151658
d2717b44303dd496444b2a2468931e6d_02_K33	08	110.59	151658	148248
d2dab754e06bd7c604559decf634f862_02_K33	07	114.73	151658	148248
d322278abcaf3b8e11efef7de4ca8c06_02_K16	18	95.91	148248	151658
d34c8488fc1ddab1d9b3561fe6a40296_02_K33	18	107.68	148248	151658
d370b88ffe1dc28f0efc1e0e2778f686_02_K33	07	104.92	148248	151658
d3b610e3ded24d315028efd315e419fa_02_K33	08	119.18	148248	151658
d41d39ec95eacad803206661b4c08d4d_02_K33	18	105.83	148248	151658
d4a76e7130e2be9624c11c7b5412775b_02_K33	08	103.16	148248	151658
d4b72f1cc2334ef87ab9164f4bc01512_02_K33	08	119.18	151658	148248
d4be8d74f7775cd4dc48561897024e20_02_K33	19	108.64	151658	148248
d4d69528051624eae5face551e5f1c53_02_K16	18	101.45	151658	148248
d4ee623de5897a201c2f6891fadc3d7e_02_K33	18	112.62	148248	151658
d564c4ca52ed868728ea1e0ca570a7a7_02_K33	07	92.3	148248	151658
d5854e39d2c3853980e70453d3f35ee8_02_K33	06	102.3	151658	148248
d5c863f796807b64e79abdfcaee3e261_02_K33	07	105.83	148248	151658
d62ae963efabc4c54cd845696cbf43d4_02_K33	18	99.8	151658	148248
d66092180201923c578972cd999faf8c_02_K33	07	90.93	151658	148248
d6736efb1f6cda79e2dc4416c05274dc_102_K33	08	102.3	148248	151658
d6a849afee46ed1565bb20710b689589_02_K33	06	99.0	148248	151658
d6bfbeefbee1322e741b2225fbd40f52_02_K33	08	109.61	148248	151658
d74afc8525930b4e2125dae942621bfc_02_K33	07	88.32	148248	151658
d7e1701b9e00d42114c9da1183e529ed_02_K33	05	100.62	148248	151658
d7e5c58edc571539ef46a31dec04089a_02_K33	07	107.68	151658	148248
d870eb18ff48a1f83ab87634b2455a27_02_K33	07	98.21	151658	148248
d8afb9c734cf99affeda1f88de0b265d_02_K33	07	113.67	148248	151658
d9684113030ef61e8398c719f6d12cc7_02_K33	18	106.75	148248	151658
d996e921ae448ae190493c654598e7ba_02_K33	18	94.43	151658	148248
da038552eeb1948fcb85c69307e8e7d4_02_K33	07	88.96	148248	151658
da536006451984c93544a71077695018_02_K33	08	116.91	148248	151658
da9599651ae8d0fef3752f2ccf44e63e_02_K33	18	112.62	148248	151658
dab99c2a90c85639a3a675697283201e_02_K16	06	95.16	151658	148248
dad988ad9d0a7eb25e106208e5af10d0_02_K33	06	116.91	148248	151658
db2b74e8c8998595f9adc052e20fa0e0_02_K33	06	96.66	148248	151658
dbb654bf8cc09bc6989a0937c026399d_02_K33	18	104.03	148248	151658
dbba73805d68ae3eb2de2bbe6a318d5a_02_K33	05	110.59	148248	151658
dbc47277beee597e8924b960f36d4220_02_K33	06	84.08	151658	148248
dc2241350f0e16a40f50608eb1d08428_02_K33	18	107.68	151658	148248
dc34b2ecbe269f83cc7e02c74b7cfda4_02_K33	08	90.93	148248	151658
dca737265f8e5f3861b3f84488762ccb_02_K33	08	107.68	151658	148248
dcd452bf5afa4704cc638ededf2e4a10_02_K33	07	113.67	148248	151658
dd04086bf12307ffabb96d3f69c486e7_02_K33	07	112.62	151658	148248
dd4d6a76edfaf28895d920c5b1d9494c_02_K33	19	107.68	148248	151658
dd76795bd8cb459b65032ab79593280e_02_K33	08	90.93	151658	148248
ddcd3d7648d2098e717c426d253cb10a_02_K33	06	107.68	151658	148248
de4340f9300392f5a0acd4a51b875ceb_02_K33	08	105.83	148248	151658
de71fcf3893eaab35b8fab88c6a4875b_02_K16	18	99.8	148248	151658
de84b521b0bdaea232a2dd1be4546fd7_02_K33	18	101.45	148248	151658
de9c2af858c3425d10f9af51a414713f_02_K33	07	113.67	148248	151658
df28295653757fc0e320bfdc6c3ecc06_02_K33	18	115.81	148248	151658
df46277703ad9ca166c8062187a0de70_02_K33	06	99.8	151658	148248
df65af4272378a1c48aadb71c78df5d5_02_K33	07	105.83	151658	148248
df72b7a70b80d5c2a08f79f671811efc_02_K33	08	106.75	148248	151658
e0c453ec6cd6f46c63f0ee0ec07db17e_02_K33	18	116.91	151658	148248
e239c6fb866aef5de63ec6e2f36db128_02_K33	08	106.75	151658	148248
e291550faf5ade15b08dee752fae1ad0_02_K33	06	110.59	151658	148248
e2dd4f40d008f305ea8666ffc7710ee4_02_K16	07	91.61	151658	148248
e2e47a09e51292c5791c10b8dbc03088_02_K33	07	104.03	148248	151658
e3c569d3730caf644679e2a7c8c7fd27_02_K33	07	102.3	151658	148248
e41c2cdd690a04a66754b278a1f01894_02_K33	06	109.61	148248	151658
e45ff77b60dc2f88fb0e6a65f37ad8bb_02_K33	07	113.67	151658	148248
e4789c325411d12b6e8f8d9536171e29_02_K33	06	103.16	148248	151658
e4d5434c2939a340f906ce9cb14d89e3_02_K33	07	82.39	148248	151658
e4d754124fe554a52ae81d781c83fc72_02_K33	06	112.62	151658	148248
e5048fa49564d00e8aeef597e9254527_02_K33	05	84.08	148248	151658
e5797239c659dfa5a23eed9129f4aeff_02_K33	06	95.91	148248	151658
e6c21f64997f3a106f2c1b3db03d48a2_02_K33	08	107.68	148248	151658
e6ed8d898329234e49e242ec707a81d1_02_K16	18	76.25	151658	148248
e7764ace7914401d6a4ea5e9e76680e8_02_K33	08	107.68	148248	151658
e786fb2b3f8eaf656be80e57b8ff1fe6_02_K33	08	97.43	151658	148248
e7c65560649559e87bd9a40d0a7090a2_02_K33	18	108.64	148248	151658
e86353a061d9f7e77fe44581ba5ed545_02_K33	08	88.96	151658	148248
e8761a229d51c5ffa5d07451b2270cf9_02_K33	18	68.58	148248	151658
e89a17c1c4fdaad496956954e88216e4_02_K33	18	102.3	148248	151658
e8e64c7f8a92a4dd9bb18f3c6ad03cc5_02_K33	08	115.81	151658	148248
e90324f64252309a1a59c99824e36481_02_K33	18	108.64	151658	148248
e91d4bae5408c993d93e49611131e7dd_02_K33	06	99.8	151658	148248
e9417e4962c18eef01bd4269e61aee6f_02_K33	08	106.75	148248	151658
e9721284895beb7d9679689c8a11f32d_02_K16	18	94.43	151658	148248
e9781d13a8c9e32ce01787ca0b1528f8_02_K33	08	104.03	151658	148248
ea10805fd9cb0054e670a1fa4fce0173_02_K33	08	119.18	148248	151658
ea509a99dc168dae4e5508b85cf7b12f_02_K33	05	119.18	148248	151658
eaa69b1b58cbccf90065688df1266ed5_02_K33	08	82.95	148248	151658
eae9524b143fbf248668986322546acc_02_K33	07	115.81	148248	151658
eaf7828e418aa91c79135fad057331bc_02_K16	05	83.51	151658	148248
eb3bffb72726307bfca39e199950377a_02_K33	18	98.21	151658	148248
eb5aa9cd1966db5638e503999cb2fcfa_02_K33	07	98.21	148248	151658
eba867f64cdf70e786e95c2802979dd0_02_K33	07	107.68	151658	148248
ebadfffe3c079964a65f89a5f3d2153f_02_K33	08	115.81	148248	151658
ebc2b73fd7d00f55265003ccf55d824a_02_K33	06	107.68	148248	151658
ec1facbf1fc420325afecf3696d373c5_02_K33	08	106.75	148248	151658
ec37855f411e1c47c05749170d57c502_02_K33	08	106.75	151658	148248
ecafc47d956f8ecd4236b22dbe3e932c_02_K33	07	109.61	148248	151658
eccdc61fa49381424a6113a2136941e7_02_K16	07	84.66	148248	151658
ecf9c9ec940a10f0ed7200ceb17b4846_02_K33	08	87.69	151658	148248
ed41a3661a988316730e1dd219116f04_02_K33	08	104.92	148248	151658
ed93f49d13d3c2ecf886ae7588c9ee12_02_K33	07	116.91	151658	148248
ede1d0962ddb912472564ec4a2ddfbbd_02_K33	08	115.81	148248	151658
ede2bb46dbc16f386cdd26dc35faa024_02_K33	07	88.96	151658	148248
ee4b528644945ae4e1c17f1bb848c921_02_K33	18	108.64	151658	148248
ee54ec65c8c4b4199f202047b6fcf955_02_K33	18	100.62	148248	151658
ee6edbaa68af7cc80afdfb33ffc21095_02_K33	18	93.0	151658	148248
ef2cb849088d14714872ec77ee6cab99_02_K33	18	94.43	151658	148248
ef83fc96cbe554235e01cbfc52a38deb_02_K16	07	92.3	148248	151658
efbe34a492d00da2e481b7fabfe77ef1_02_K33	06	110.59	151658	148248
f0142bf25ac2288f522cd44a54a27c18_02_K33	08	108.64	151658	148248
f09531edc8e5ba34e0d8f1adb7520915_02_K33	18	114.73	148248	151658
f15950bc76a556d494f6dbf96cba1da3_02_K33	07	110.59	151658	148248
f181c8d5ebedc75c5823f5da87740923_02_K33	18	83.51	151658	148248
f1eba23b365b0f53137cb892a292db65_02_K33	18	98.21	151658	148248
f33f48223b586fefefc248ed80df88cc_02_K33	18	89.61	151658	148248
f3a52c9f1f27ab65fbca8dfb72fc7e26_02_K33	19	112.62	151658	148248
f3a61d87b25d75f7ca20a61d013b7261_02_K33	08	114.73	148248	151658
f47ab767a50cf53ee19895299d845c9f_02_K33	07	101.45	151658	148248
f483628c915f0fa9a86d86999d7928da_02_K33	07	102.3	148248	151658
f490a3a3605cc7066cfed21370b0534a_02_K33	06	98.21	148248	151658
f4c0aa41fbdf755980889ad2702d4dcd_02_K33	08	89.61	151658	148248
f58e5a561888f2c6f66190c0c53bda62_02_K33	06	115.81	148248	151658
f5ecb0749f43f3bd7325f2dc8d66ca29_02_K33	18	109.61	151658	148248
f61987cd884e716bcca97af363ae61de_02_K33	06	119.18	148248	151658
f685436e06ef8e4a88a9c676a33dff1f_02_K33	06	118.04	148248	151658
f68e6d0c3a2edeb3e377ba4b0c92928a_02_K33	18	96.66	148248	151658
f6c24ee0cdcb641a87421011a0d3d365_02_K33	06	111.6	151658	148248
f6de28779062951dfa2b19460c42e8f2_02_K33	07	101.45	151658	148248
f713f04792e6dfbdd75e6c08c251a5fb_02_K33	08	107.68	148248	151658
f7510865c1aa4c5704640ad3db6c7e26_02_K33	08	100.62	148248	151658
f76bdb0672c72a856e469d120ff92e72_02_K33	07	109.61	148248	151658
f800dab78bb33be25e9c4aadfd8af0ab_02_K33	18	106.75	148248	151658
f8059dc1fa0c4dccd942644fef4d130b_02_K33	18	100.62	151658	148248
f879263d0fb4b67a426bd8bc7b6f7ad9_02_K33	06	104.03	148248	151658
f8961daaff229865f6dc3b1e593c08d3_02_K16	07	88.32	151658	148248
f90bf75337d032d08418f48376bb842b_02_K33	18	93.0	148248	151658
f9724828126ddf6ab6d40607993b868c_02_K33	07	108.64	151658	148248
f9ab7e32119546e0a08268059a7046e6_02_K33	07	113.67	148248	151658
f9c3376eaf500924b19a0744a94ffd28_02_K33	18	107.68	151658	148248
f9cd4e94efd1bee913e8e647fbecc9fa_02_K33	06	109.61	151658	148248
fa156f3529e695f5f15ac9c451ed3cc5_02_K33	07	108.64	151658	148248
fa5abdf0e69c9ff3a61a64610a7e0340_02_K33	06	107.68	148248	151658
fab5595e7be36835a9f01039dadeed9e_02_K33	06	109.61	148248	151658
facd495033cd3346436ea7293bc5d083_02_K33	05	99.0	151658	148248
faffd5bb1f0855349111750ea861a68f_02_K33	04	92.3	151658	148248
fb0fe682af894414e2fb1097ab8cb15e_02_K33	07	100.62	148248	151658
fb57935352064dccb78305543e0d4d03_02_K33	18	114.73	151658	148248
fb596e1c42e515d952620e407ee785ce_02_K33	05	96.66	151658	148248
fb61df0743ee6305f20d92760315adba_02_K33	18	116.91	151658	148248
fb8d79175f14bab049d0c0d520f1fb6b_02_K33	19	81.84	151658	148248
fbbd2a3b4a2c69f758c74ecb87db8e00_02_K33	18	105.83	151658	148248
fbc0475f67811f3e3b7d459edbbe65e5_02_K33	08	115.81	151658	148248
fbc2462379b0060ff5ee1c44e84a905c_02_K33	18	104.92	148248	151658
fbde7f186a25b8daa76ab623edfcb74b_02_K33	05	82.95	148248	151658
fbf1cf39a72281910a9483310d07d09e_02_K33	18	100.62	151658	148248
fc1cd612c101f58dac758da4d8fffc1e_02_K33	08	111.6	151658	148248
fc26f50ebcd49d963b715b390b44a767_02_K33	07	114.73	148248	151658
fcab289ca2b895b20352a33caf244830_02_K16	07	80.24	151658	148248
fcafc08262952b4f840e11961001d45d_02_K33	07	112.62	148248	151658
fcb54c6d5e8deea0a1a6f2ba4e5687cf_02_K16	18	102.3	148248	151658
fcbd05d77a6a5983f212ac2118816959_02_K33	08	113.67	148248	151658
fcbe4fc2f1c613d6b4051ea7af0328c6_02_K33	18	108.64	151658	148248
fcd20707df58f7ac147d0ef6b17fa2b3_02_K33	08	104.92	151658	148248
fcf9a77bc45acdc35fabf75703e6131f_02_K33	08	93.71	151658	148248
fddfe70d7ae983818337afb79b6387a5_02_K16	07	99.0	148248	151658
fe501243132906af2f833cf42b3b8669_02_K33	07	96.66	148248	151658
fea031bcc27dc9370666e48b058e7b5b_02_K33	18	114.73	151658	148248
fece561f8d994400bb26be97d0026885_02_K33	07	105.83	148248	151658
ff3d6f3d60a55a029e569573d1288341_02_K16	18	97.43	148248	151658
fff6cf5c0a2a2eb96ecb1d2ba8121a94_02_K16	08	99.0	151658	148248
