560.0	69.0	117210	2	508.33	1.408134170704563E-4
595.0	92.94	117210	1	1429.0	0.0366906370078971
702.0	104.63	126180	4	1845.33	0.06895549512974887
748.0	79.44	110410	3	1301.0	0.016131450253822847
779.0	70.74	087600	3	917.33	0.0010094314570222437
786.0	85.46	117210	23	944.67	0.0013279892106620522
802.0	73.92	087600	2	1169.0	0.007104855982777305
815.0	74.92	087600	0	1169.0	0.0066104294510889675
846.0	90.63	110410	4	945.67	5.239900228726704E-4
858.0	61.6	087600	4	617.67	0.0030468506781820347
866.0	89.88	117210	5	783.33	3.6048234770036917E-4
904.0	94.69	087600	23	1237.67	0.005872848479417895
1008.0	96.33	126180	5	1245.0	0.0029629194343756275
1038.0	94.39	117210	22	1328.67	0.004456702157157228
1052.0	94.57	126180	9	1122.0	2.5847540864962036E-4
1076.0	90.53	126180	10	1848.67	0.031492526567462265
1087.0	98.11	126180	8	1450.33	0.006963597120558162
1127.0	83.49	087600	22	1492.0	0.007027629860682813
1149.0	93.27	117210	16	1521.33	0.007312855422735533
1166.0	98.07	126180	13	1496.0	0.00574448408202934
1176.0	80.97	087600	5	977.33	0.002081963736029115
1184.0	94.88	117210	17	1348.0	0.0014187662430694323
1185.0	91.81	087600	10	1590.33	0.008666580812975373
1225.0	98.21	126180	7	1622.67	0.008341833716216886
1226.0	82.7	117210	21	1467.33	0.0030722586350186805
1226.0	96.13	126180	14	1366.0	0.0010339016345984851
1259.0	93.44	126180	15	1176.33	3.604823477003681E-4
1273.0	91.95	087600	9	1299.67	3.7511170416271305E-5
1274.0	95.35	117210	6	1473.67	0.002102975852582599
1294.0	97.09	126180	11	1676.33	0.007710942718778204
1295.0	99.22	110410	10	1594.0	0.004715910205854034
1314.0	107.04	126180	23	2003.67	0.02509005552848889
1323.0	98.51	110410	9	1669.0	0.006315028984060815
1331.0	90.19	087600	14	2058.67	0.02793110468685427
1338.0	99.34	110410	8	1649.33	0.005112983528071404
1339.0	92.25	126180	16	1232.0	6.039357048223477E-4
1358.0	97.65	126180	12	1357.33	2.344448151016277E-8
1378.0	94.26	117210	15	1698.67	0.005424138686674379
1382.0	80.38	087600	21	2211.67	0.03631034993444104
1383.0	91.71	087600	13	1709.33	0.005617538075772151
1419.0	86.51	110410	23	1022.0	0.008313887894256763
1433.0	93.04	110410	5	1586.33	0.0012402130718879819
1442.0	97.98	126180	6	1433.67	3.6632002359642073E-6
1448.0	92.27	110410	13	2032.67	0.018031830619435318
1448.0	93.87	117210	14	1664.0	0.0024611078910115793
1461.0	95.17	110410	14	1641.33	0.001715438573219493
1474.0	90.94	087600	15	1873.67	0.008425952515875383
1479.0	94.92	087600	8	1607.0	8.642573663908981E-4
1487.0	92.38	117210	13	1721.67	0.002904865037036069
1506.0	97.41	117210	19	1717.33	0.002355912502475447
1512.0	94.73	117210	10	1472.67	8.161024013690067E-5
1515.0	90.45	087600	6	1385.33	8.869105966500963E-4
1526.0	97.75	110410	7	1658.0	9.191174531246938E-4
1535.0	97.29	126180	17	1801.0	0.0037323849009005218
1536.0	101.47	117210	20	1894.0	0.006760661688606135
1540.0	95.95	110410	16	1719.33	0.0016964661265573865
1550.0	95.5	110410	15	1472.0	3.209315073927116E-4
1575.0	91.73	087600	16	1353.67	0.0025841445299769486
1577.0	100.56	110410	17	2215.67	0.021516501128699406
1578.0	92.61	087600	11	1705.33	8.552781299725012E-4
1581.0	94.93	117210	12	1650.67	2.5601959921142957E-4
1583.0	94.8	117210	11	1662.67	3.347930570856014E-4
1610.0	92.67	087600	12	1699.0	4.178334105946209E-4
1635.0	92.82	110410	11	1752.33	7.262162592590173E-4
1642.0	76.94	087600	19	1516.33	8.330351781397278E-4
1644.0	94.75	087600	7	1635.33	3.962117375218392E-6
1655.0	75.29	087600	20	1400.0	0.0034300741729472724
1676.0	102.58	126180	18	2220.33	0.01562978523846826
1686.0	97.27	117210	7	1526.0	0.0013504021349857753
1700.0	97.93	117210	8	1684.0	1.3504021349857834E-5
1744.0	90.92	110410	12	1547.67	0.002033345742497395
1750.0	98.02	117210	9	1670.33	3.347930570856014E-4
1788.0	98.3	117210	18	1878.67	4.336291300120977E-4
1844.0	94.25	087600	17	2552.67	0.026491537327564953
1887.0	95.08	110410	6	1772.67	6.89554951297486E-4
1895.0	96.86	110410	18	2112.67	0.0024992344790674926
1903.0	91.81	087600	18	1505.67	0.008327854944116449
1946.0	85.36	110410	22	1446.67	0.013152377571686706
2098.0	84.95	126180	21	2088.0	5.2750083397884074E-6
2379.0	85.94	110410	21	2207.33	0.001554515652133694
2508.0	92.81	126180	20	1471.0	0.05672580443349677
2850.0	87.55	110410	20	2347.33	0.013328562850235644
3216.0	101.28	126180	19	2184.0	0.05618010482074571
3453.0	101.79	110410	19	2559.0	0.0421597656545895
0.6985258649249482	0.236%
