0	1056.0,946.0,818.0,748.0,846.0,1433.0,1887.0,1526.0,1338.0,1323.0,1295.0,1635.0,1744.0,1448.0,1461.0,1550.0,1540.0,1577.0,1895.0,3453.0,2850.0,2379.0,1946.0,1419.0,110410_2
0	1064.0,865.0,827.0,674.0,700.0,1002.0,1635.0,1299.0,1206.0,1089.0,1171.0,1372.0,1401.0,1244.0,1165.0,1275.0,1434.0,1872.0,2168.0,2668.0,2533.0,1954.0,1677.0,1263.0,126180_1
0	1134.0,950.0,874.0,792.0,830.0,1309.0,1985.0,1569.0,1461.0,1453.0,1376.0,1708.0,1742.0,1575.0,1499.0,1586.0,1656.0,1783.0,2568.0,2860.0,2754.0,2224.0,1834.0,1310.0,110410_1
0	1192.0,970.0,959.0,737.0,498.0,1051.0,1717.0,1777.0,1767.0,2322.0,2344.0,2114.0,2038.0,2213.0,2276.0,2204.0,2077.0,2241.0,2155.0,2249.0,2285.0,1829.0,1558.0,1175.0,130850_1
0	1267.0,1122.0,920.0,866.0,640.0,1409.0,2057.0,2370.0,2418.0,3018.0,3104.0,3201.0,3005.0,3135.0,3232.0,3341.0,3474.0,3598.0,3897.0,4354.0,3883.0,3088.0,2498.0,1732.0,105710_2
0	1316.0,1289.0,1123.0,1075.0,919.0,1053.0,1595.0,1850.0,1833.0,1916.0,1953.0,2371.0,2337.0,2243.0,2132.0,1943.0,1958.0,2093.0,2184.0,3634.0,2848.0,2468.0,2153.0,1664.0,115600_2
0	1371.0,1073.0,905.0,818.0,609.0,1366.0,2220.0,2420.0,2516.0,3196.0,3129.0,2807.0,2848.0,3330.0,3313.0,3231.0,3303.0,3256.0,3201.0,3584.0,3520.0,2889.0,2371.0,1647.0,105710_1
0	1416.0,1210.0,1171.0,1062.0,865.0,1103.0,1668.0,1905.0,2034.0,2023.0,2084.0,2358.0,2368.0,2500.0,2191.0,2065.0,1965.0,2270.0,2264.0,3094.0,2913.0,2389.0,1969.0,1553.0,115600_1
0	519.0,419.0,368.0,307.0,332.0,831.0,1294.0,1722.0,1677.0,1955.0,2001.0,2035.0,2071.0,2269.0,2080.0,1975.0,2031.0,2232.0,2243.0,1905.0,1546.0,1222.0,1089.0,726.0,127700_2
0	556.0,503.0,501.0,466.0,521.0,724.0,995.0,1306.0,1471.0,1595.0,1574.0,1694.0,1619.0,1740.0,1730.0,1872.0,1912.0,1818.0,1440.0,1298.0,1243.0,1099.0,823.0,633.0,097500_1
0	562.0,440.0,430.0,302.0,316.0,775.0,1331.0,1696.0,1763.0,2016.0,2059.0,2089.0,2017.0,2154.0,2066.0,1984.0,2068.0,2004.0,1925.0,1529.0,1501.0,1162.0,971.0,713.0,127700_1
0	569.0,525.0,441.0,474.0,202.0,735.0,936.0,1293.0,1374.0,1412.0,1499.0,1412.0,1624.0,1580.0,1707.0,1814.0,1805.0,1849.0,1646.0,1577.0,1759.0,1437.0,950.0,698.0,076320_2
0	583.0,517.0,489.0,467.0,523.0,688.0,1024.0,1234.0,1463.0,1526.0,1558.0,1630.0,1680.0,1674.0,1703.0,1868.0,1863.0,1804.0,1731.0,1581.0,1545.0,1264.0,928.0,689.0,097500_2
0	588.0,501.0,370.0,377.0,222.0,741.0,991.0,1283.0,1364.0,1383.0,1414.0,1683.0,1518.0,1538.0,1572.0,1690.0,1800.0,1814.0,1702.0,1212.0,1525.0,1317.0,963.0,716.0,076320_1
0	616.0,605.0,525.0,499.0,432.0,867.0,1284.0,1697.0,1582.0,1732.0,1544.0,1543.0,1567.0,1436.0,1359.0,1331.0,1097.0,1170.0,1661.0,1873.0,1469.0,1278.0,1084.0,811.0,117210_2
0	675.0,591.0,546.0,564.0,572.0,981.0,1223.0,1500.0,1802.0,2130.0,2176.0,2259.0,2117.0,2369.0,2422.0,2607.0,2025.0,1385.0,1409.0,1317.0,1375.0,1253.0,1109.0,817.0,079100_1
0	689.0,595.0,560.0,477.0,423.0,866.0,1274.0,1686.0,1700.0,1750.0,1512.0,1583.0,1581.0,1487.0,1448.0,1378.0,1149.0,1184.0,1788.0,1506.0,1536.0,1226.0,1038.0,786.0,117210_1
0	689.0,599.0,534.0,553.0,581.0,971.0,1075.0,1126.0,1183.0,1217.0,2207.0,2067.0,2291.0,2628.0,2717.0,2948.0,2928.0,2744.0,2480.0,2071.0,2057.0,1650.0,1157.0,847.0,079100_2
0	720.0,698.0,617.0,585.0,595.0,703.0,1021.0,1257.0,1471.0,1747.0,1920.0,1763.0,1635.0,1878.0,1778.0,1971.0,1906.0,1655.0,1391.0,1425.0,1215.0,1054.0,992.0,838.0,140900_1
0	725.0,674.0,640.0,593.0,616.0,762.0,1045.0,1266.0,1468.0,1766.0,1834.0,1746.0,1697.0,1875.0,1997.0,2147.0,2180.0,1853.0,1652.0,1582.0,1279.0,1101.0,1041.0,822.0,140900_2
0	738.0,696.0,649.0,558.0,599.0,871.0,1210.0,1578.0,1794.0,2109.0,2250.0,2091.0,2100.0,2479.0,2624.0,2816.0,2881.0,2561.0,2151.0,1940.0,1747.0,1423.0,1178.0,945.0,103500_2
0	776.0,711.0,626.0,591.0,629.0,827.0,1274.0,1588.0,1842.0,2284.0,2374.0,2126.0,2016.0,2394.0,2436.0,2490.0,2550.0,2231.0,1682.0,1678.0,1601.0,1374.0,1121.0,853.0,103500_1
0	815.0,815.0,802.0,779.0,858.0,1176.0,1515.0,1644.0,1479.0,1273.0,1185.0,1578.0,1610.0,1383.0,1331.0,1474.0,1575.0,1844.0,1903.0,1642.0,1655.0,1382.0,1127.0,904.0,087600_1
0	852.0,767.0,754.0,763.0,809.0,1152.0,1548.0,1684.0,1342.0,1140.0,1129.0,1514.0,1567.0,1293.0,1315.0,1466.0,1498.0,1499.0,1642.0,1940.0,1846.0,1522.0,1196.0,909.0,087600_2
0	877.0,800.0,704.0,667.0,495.0,1144.0,1665.0,1749.0,1773.0,2323.0,2339.0,2158.0,2054.0,2326.0,2278.0,2265.0,2296.0,2470.0,2470.0,2684.0,2340.0,1902.0,1728.0,1176.0,130850_2
0	949.0,875.0,768.0,699.0,702.0,1008.0,1442.0,1225.0,1087.0,1052.0,1076.0,1294.0,1358.0,1166.0,1226.0,1259.0,1339.0,1535.0,1676.0,3216.0,2508.0,2098.0,1840.0,1314.0,126180_2
