919.0	98.61	115600	4	1779.33	0.039044210923341933
1053.0	90.91	115600	5	1026.0	3.845481079705515E-5
1075.0	89.4	115600	3	1627.33	0.016092579303478977
1123.0	80.38	115600	2	815.33	0.004993258422119339
1289.0	62.28	115600	1	945.0	0.006242233868971753
1316.0	106.16	115600	0	2258.0	0.046808525004278054
1595.0	92.73	115600	6	1432.0	0.0014015169657983235
1664.0	96.2	115600	23	2093.0	0.009708178098629575
1833.0	99.09	115600	8	1567.0	0.0037323849009005218
1850.0	98.99	115600	7	2126.0	0.004018290352917047
1916.0	98.94	115600	9	2143.33	0.0027261477544840425
1943.0	97.79	115600	15	2153.33	0.002333669550642666
1953.0	99.1	115600	10	1804.33	0.0011658706210192292
1958.0	97.47	115600	16	2077.67	7.553870553780446E-4
2093.0	99.89	115600	17	2119.33	3.6579252276240855E-5
2132.0	98.56	115600	14	2221.33	4.209691099966102E-4
2153.0	99.8	115600	22	2087.33	2.2746422073204368E-4
2184.0	97.68	115600	18	2140.0	1.0212416145829819E-4
2243.0	95.82	115600	13	1974.33	0.003807594797585155
2337.0	95.26	115600	12	1748.67	0.018258708728129618
2371.0	95.38	115600	11	1745.33	0.02064948317461067
2468.0	105.22	115600	21	2023.0	0.010445835264865557
2848.0	98.1	115600	20	2282.33	0.016878907213330102
3634.0	105.4	115600	19	2392.67	0.08128304895294482
0.29117142250868566	0.2172%
