919.0	98.61	115600	4	1560.4	0.02170106569938488
1053.0	90.91	115600	5	999.0	1.5381924318822268E-4
1075.0	89.4	115600	3	1460.0	0.007818881111651034
1123.0	80.38	115600	2	705.2	0.009207887867670716
1289.0	62.28	115600	1	904.6	0.007794529563151243
1316.0	106.16	115600	0	1653.4	0.006005004083911471
1595.0	92.73	115600	6	1324.4	0.0038625910967565154
1664.0	96.2	115600	23	1831.4	0.0014782029270388269
1833.0	99.09	115600	8	1624.6	0.002290965662016715
1850.0	98.99	115600	7	1996.2	0.0011275034925830167
1916.0	98.94	115600	9	2228.2	0.005141489438694802
1943.0	97.79	115600	15	2078.8	9.727980479937159E-4
1953.0	99.1	115600	10	1941.4	7.098051222019128E-6
1958.0	97.47	115600	16	2037.0	3.292132704861798E-4
2093.0	99.89	115600	17	2009.2	3.704342956566224E-4
2132.0	98.56	115600	14	2119.6	8.110852823257934E-6
2153.0	99.8	115600	22	2046.4	5.994287376968378E-4
2184.0	97.68	115600	18	2035.4	0.0011648252315886894
2243.0	95.82	115600	13	1983.4	0.003554942060363394
2337.0	95.26	115600	12	1776.2	0.016589723988353615
2371.0	95.38	115600	11	1786.6	0.01801538572232483
2468.0	105.22	115600	21	2088.2	0.007609096139980998
2848.0	98.1	115600	20	2285.4	0.016696390986994162
3634.0	105.4	115600	19	2579.0	0.05871216157392744
0.19121154914545924	0.1743%
