919.0	98.61	115600	4	1696.55	0.03189148368283242
1053.0	90.91	115600	5	1082.09	4.464139289209184E-5
1075.0	89.4	115600	3	1633.45	0.01645124654454475
1123.0	80.38	115600	2	910.55	0.0023809770267213684
1289.0	62.28	115600	1	790.09	0.013130038080904259
1316.0	106.16	115600	0	1877.09	0.016606939941522455
1595.0	92.73	115600	6	1547.36	1.1970170990956039E-4
1664.0	96.2	115600	23	1915.91	0.003347424819138138
1833.0	99.09	115600	8	1867.45	6.262045230871948E-5
1850.0	98.99	115600	7	1954.36	5.745417017388572E-4
1916.0	98.94	115600	9	1990.0	2.888594566868004E-4
1943.0	97.79	115600	15	2131.27	0.001869812152454
1953.0	99.1	115600	10	1977.18	3.0846156205789544E-5
1958.0	97.47	115600	16	2129.18	0.0015457470285368004
2093.0	99.89	115600	17	2041.45	1.401534839793552E-4
2132.0	98.56	115600	14	2107.18	3.249099971537855E-5
2153.0	99.8	115600	22	2056.64	4.898346587261155E-4
2184.0	97.68	115600	18	2137.64	1.133908817503222E-4
2243.0	95.82	115600	13	1974.82	0.00379386446917411
2337.0	95.26	115600	12	1918.45	0.009240775303880623
2371.0	95.38	115600	11	1857.73	0.013896951053724241
2468.0	105.22	115600	21	2074.73	0.008158509253975025
2848.0	98.1	115600	20	2223.73	0.02055757460689735
3634.0	105.4	115600	19	2563.36	0.060465427866502615
0.20523385272472114	0.1741%
