00dec4719c9869fac6781397b5ec529b_02_K16	12	69.0	097500	096350
013e6b0cbb57e16e026eac72f6cea271_02_K16	11	61.79	097500	096350
0164e32fe410b0b940f7f26abc6ebcb2_02_K16	06	69.0	097500	096350
019dc8df8726ee24fbe8427123b9a472_02_K16	18	66.77	097500	096350
01d2a634be71fabf58770d4294baf871_02_K16	10	66.77	096350	097500
0232d055d842ad289add8a954b16f029_02_K16	13	69.0	097500	096350
02fda08fe75a08b8e1331b3061c9b182_02_K16	09	60.88	097500	096350
03005a41d1a5283c02dfbed1f12c68f0_02_K16	07	65.71	096350	097500
0334dc2fbd1b09aa3f6b773fedd8a1e7_02_K16	14	60.0	097500	096350
03da22b73bdfcd651d1c83207ab29627_02_K16	06	82.8	097500	096350
03e2252499edfcae6d48f48607814ca0_02_K16	08	62.73	097500	096350
0409fb82f908b0c67ece290d5a2ce88a_02_K16	11	66.77	097500	096350
044927580c62e1e7b3762e9b3d7d760d_02_K16	07	90.0	096350	097500
058f9f277a1b67465b2be3f3e1b2961e_02_K16	11	62.73	097500	096350
05b67ec369fdfa0b3e3a3e2823abae83_02_K16	06	75.27	097500	096350
060e97a6e36f18b16694d6617c04069a_02_K16	06	70.17	097500	096350
062191c231a3566856aeffa261ff91ae_02_K16	07	70.17	096350	097500
06e8296288ca7534ffbeed1fcb1859ba_02_K16	17	69.0	097500	096350
0728b38409528db4b452da11399a2068_02_K16	05	61.79	096350	097500
07b84107d7807043bc5df5d6f59b2c74_02_K16	13	60.88	096350	097500
07c6a46cbbdce705a64d236e3c3e93df_02_K16	04	66.77	097500	096350
0807898bdf5d664e3d50b0771b27f622_02_K16	09	65.71	096350	097500
09171c58e1649a33b4e9687118af1ecd_02_K16	12	76.67	097500	096350
0a56b97b50e359c1ade649da89208b9f_02_K16	14	60.88	096350	097500
0a71832760ab003cff6e01dcf2f2d0eb_02_K16	17	63.69	097500	096350
0a9524a3289121d241cb928547dbaf16_02_K16	18	71.38	096350	097500
0bc6f37becb027e5f22f5d23fface9de_02_K16	06	70.17	097500	096350
0db86fcdba425e865ce19c2e747d8fba_02_K16	13	67.87	096350	097500
0df9bb318818873f643245efab3ed86a_02_K16	09	71.38	096350	097500
0ecdef83361d84c7a3c12c6e5844ef18_02_K16	13	73.93	097500	096350
0f38caeabeac44cdf342402f1c3257b7_02_K16	10	72.63	097500	096350
0f394d5dcc99e3f57b30e59c4b2a7990_02_K16	10	72.63	096350	097500
0f4d3a1438c5d9dfdd94474eaad9ac43_02_K16	08	65.71	097500	096350
0f4ec34da644007914c60954e55fa406_02_K16	08	62.73	096350	097500
100e1a93439a83debdf842a822886ffb_02_K16	11	64.69	096350	097500
101f86f4ebda3f47626ef21ca591d667_02_K16	14	72.63	097500	096350
10ed0f7aebc6dd929613c9bdcaab305e_02_K16	05	82.8	097500	096350
121ef237a043f8404e1e878b8474bb2c_02_K16	12	65.71	097500	096350
12730181f636005ea24fd87b1aed97ca_02_K16	18	79.62	097500	096350
128f8a8e5093447e4b7818878c078424_02_K16	09	63.69	097500	096350
12a8732519e0b86c236eac9fecd87ce3_02_K16	13	60.88	096350	097500
13640c378a56e99f2bbb6ae2c1936d3b_02_K16	12	75.27	096350	097500
136fc2a54ac66b8dd15b3fbef9c36b29_02_K16	08	67.87	097500	096350
13aa5c83b1b0d16a7b23c2625c8a84d2_02_K16	14	72.63	097500	096350
140a057495ac3e5d5525afe0c2f43b07_02_K16	10	71.38	096350	097500
155fdab213d0fa9bfe3c365a1f48f56c_02_K16	09	64.69	096350	097500
1561aedfc84b786e8e09e9f2bd23678a_02_K16	10	75.27	096350	097500
1614bb9f8f1d785b18da8e34c6545a83_02_K16	00	60.88	097500	096350
167fe45bdb5a8636b300d7ddc1773339_02_K16	18	94.09	097500	096350
17a8c8fd8942291e52b01d8583df82aa_02_K16	15	76.67	097500	096350
1856ceb1cab414f2b91cb95f73c6a9be_02_K16	05	72.63	096350	097500
185fc9c6c03fd62955849add8a8d45f0_02_K16	13	73.93	097500	096350
190d1ae5bbe84d956b5604c77435d95e_02_K16	07	67.87	096350	097500
1983a8409364c43373a1922a556498c6_02_K16	07	73.93	096350	097500
1a3967a9829687c95ec5f3dc121d4130_02_K16	20	78.11	096350	097500
1adf361e5714c526b8bb83042709977d_02_K16	10	67.87	097500	096350
1af4c6fd28f0b925d4a753f86cff4ce9_02_K16	08	67.87	097500	096350
1c5d8fda1fc5ae1a52753f1145b954a7_02_K16	06	81.18	096350	097500
1c5e690f6f2a20bf4c78eafbaaf3fdab_02_K16	11	65.71	097500	096350
1ce91ef080bcb4a522a967ccda79d35b_02_K16	18	75.27	097500	096350
1d29af013e1c3d2c1e3f4d79d9529564_02_K16	15	66.77	096350	097500
1da7054b30158f21449d66b3e20b01d7_02_K16	13	63.69	097500	096350
1daa4a7943c43a7081c8fc8da8f17837_02_K16	15	79.62	096350	097500
1e2048397d05e6ab6838ab4bbb33629f_02_K16	17	78.11	096350	097500
1e958df0f15ca15c48bf0d0f600b7f7c_02_K16	06	79.62	096350	097500
204b8f230250f72c2cc8782b3b21dcb8_02_K16	12	73.93	096350	097500
206e6cdc21744dfb2a180d3285d2d341_02_K16	08	65.71	097500	096350
206efb412aff00165a2bb48477126b1d_02_K16	10	62.73	097500	096350
209360823ee5e442a870a8bb8d4a5996_02_K16	06	78.11	097500	096350
21845294f09a656d7d6bfefdcf5b110e_02_K16	09	73.93	096350	097500
221d7037d55e896734022ca5ccfbf3d0_02_K16	09	69.0	096350	097500
222aaafa140ee6ee16691716167c9d0b_02_K16	10	73.93	097500	096350
2259bbf76effdef1bf59c0cef136d335_02_K16	08	73.93	096350	097500
226e93c42898e791f5db5795834157f5_02_K16	13	70.17	097500	096350
2337e1e490fd3ef3dba1980b9c1def7e_02_K16	10	69.0	097500	096350
23f37b1edb334c43d0d657d47979b406_02_K16	12	63.69	096350	097500
25478d9c079e0e05ab7e1820c23eb8e9_02_K16	08	81.18	096350	097500
25d66d52992a6c259856dbb2bb33bf06_02_K16	11	62.73	097500	096350
26155cdd743706c83e362fa72401b06b_02_K16	07	76.67	096350	097500
263a210af241881536262e20fc1cd2bd_02_K16	12	67.87	097500	096350
268c20dc866ff6dd4b8e3f93e5fc34fd_02_K16	08	60.88	097500	096350
270909988604ac51381b6ee3fe5a6de4_02_K16	18	65.71	097500	096350
27346dc018b31cee49920ff04c3cbbb3_02_K16	11	64.69	096350	097500
276c3bf36767d7c26aab387af90cc262_02_K16	08	60.0	097500	096350
27a57a66379dfa7df39332c415666386_02_K16	10	73.93	097500	096350
27e9c9877b6c755a757158ba898913fb_02_K16	13	79.62	096350	097500
281b956f300b9f6e6ccee0e9e1871476_02_K16	14	60.88	096350	097500
2874f36fab0af03a1782e67fa7d31089_02_K16	11	60.88	097500	096350
289518f14900974f70e99b812d33b2a6_02_K16	12	60.0	097500	096350
28b400d71a429b26700c280f5fe09dc1_02_K16	11	75.27	096350	097500
295d9dbea1ca9e3b395e2561dc08706d_02_K16	12	62.73	097500	096350
29691c0db3f1e6df81225ff4cb4b6fa7_02_K16	10	76.67	097500	096350
2a266ae91e1a3abd26c727980853990e_02_K16	15	62.73	097500	096350
2ae73cf89c6447562a6ea7aef2a3a99f_02_K16	14	60.88	097500	096350
2b27a941bc72eaace408eacde8cf7ee3_02_K16	15	67.87	097500	096350
2bb3f7b62119b42fd3980cbae33167c3_02_K16	15	75.27	096350	097500
2bd5aa3fc4855575da85d7494a330825_02_K16	14	64.69	096350	097500
2c3de2a9c1ea6fa097cbb531bcede521_02_K16	11	72.63	096350	097500
2c6b8e8f391465f5ecda75da256d77e2_02_K16	05	66.77	097500	096350
2cc85a5f24ac249dd28ce15e512aa950_02_K16	07	72.63	096350	097500
2dc47462e004df727f44a0d77c60bc91_02_K16	15	63.69	097500	096350
2df613fb665a465782d2e7df76e582a2_02_K16	11	71.38	097500	096350
2e77da7db2e354c9fab95e5aebe2b2af_02_K16	08	73.93	096350	097500
2ffbb25ac6da9ead4897a36b705dacac_02_K16	14	71.38	097500	096350
30235789eb0d18d724fb0fa3b1f28ac8_02_K16	06	70.17	097500	096350
304a41104a31721fc718991c4a627d74_02_K16	18	69.0	097500	096350
30f4a2a40165d08a787f519584d72899_02_K16	13	72.63	097500	096350
30f8132c083a4c11a4f97d205b27ce82_02_K16	06	69.0	096350	097500
317bbafc7310f9b4a2bccdffb1e058dc_02_K16	18	60.0	097500	096350
31c5876c7c2f7102f3d45fc8519cce2b_02_K16	12	62.73	097500	096350
320f9cb8a459169b64598f5eedfb858b_02_K16	10	71.38	096350	097500
32e06ae5fe58d4227688571931be5e46_02_K16	11	65.71	096350	097500
32e15dae6c693522e2f0629f81396d62_02_K16	14	69.0	097500	096350
32f8f097d37b6320f39f76507c6903b2_02_K16	11	67.87	097500	096350
32fc1b757dcd859c067b2ba93c1ad26d_02_K16	11	70.17	097500	096350
3364f77073b7f78d29c20f639f9129c7_02_K16	13	76.67	097500	096350
33c4f458d78fe99259e11b6afe47e61f_02_K16	09	69.0	096350	097500
345150c23e541bc59795c46c8db4c9ad_02_K16	15	60.0	096350	097500
347005f34b0a0708a4e1566cfd055ffd_02_K16	09	69.0	097500	096350
3474da215172a4967d33703b1c427db1_02_K16	09	82.8	096350	097500
35a7f627f70b52f30cdf57f65339fac1_02_K16	11	73.93	096350	097500
35d66a2e95013b5ba4a82c82ff36c8c7_02_K16	13	62.73	097500	096350
363a1ba97e0894ab5c20d901db0edb96_02_K16	06	73.93	096350	097500
36c173abad5540680f39d99ce64ad6d5_02_K16	12	71.38	096350	097500
371164ea8fc38e0daa77eeebc37318fa_02_K16	15	66.77	096350	097500
373977eb4c8d55920db6484fc1e9e6e1_02_K16	15	67.87	096350	097500
37bdb6fe5069f0ce1e50ab22f456e1f7_02_K16	08	71.38	097500	096350
392cf8016a5c96ed0e6e4640b778a781_02_K16	21	60.88	096350	097500
3954581d98168f1f655a7b9b22741644_02_K16	01	67.87	097500	096350
3974c8c536aeba91f9c5d8a7dd95c16d_02_K16	12	66.77	097500	096350
39c7e6256fed0094fda9cbb99a4492e4_02_K16	07	62.73	096350	097500
39ca73bc23368f97ea7b1eb4ee2abbe3_02_K16	12	64.69	097500	096350
3a67971ea25d4cf938d03cd8cc10e3e7_02_K16	10	69.0	097500	096350
3abd1a678aa43208137891607ce69a89_02_K16	13	73.93	096350	097500
3b1fa7128f99aebabcbbc5d02cb62675_02_K16	12	73.93	096350	097500
3b2070785e0596d7c2abe6abf9fd183d_02_K16	13	72.63	096350	097500
3bd5ce6e05d98357fad78805bb503d6b_02_K16	21	67.87	096350	097500
3c0a782ccfe301f1eb9074606b7f073d_02_K16	06	79.62	096350	097500
3c3a8bbaa35bada9c3e9a9affc935d4a_02_K16	12	69.0	097500	096350
3cb7e956dfad8e1466e987ed12898083_02_K16	17	70.17	096350	097500
3d2ae4a75653c62f381b9179628368a1_02_K16	15	71.38	097500	096350
3d58a845ee55770a429f215a16a3dcc4_02_K16	14	64.69	097500	096350
3dc59b59c3a5291a99de9e869491185a_02_K16	11	73.93	097500	096350
3e137c4b86670112bc2bae6a75fed22b_02_K16	22	72.63	097500	096350
3ec2560d7d68a04158202aa17c64e69b_02_K16	03	65.71	097500	096350
3ecc4901f668177d597f8bba6df347aa_02_K16	15	60.0	097500	096350
3f8dcb9fd516d09d0ababb471adb47bb_02_K16	10	82.8	097500	096350
3fc8465b3c127b5e5614e23104cc02c1_02_K16	10	78.11	097500	096350
408323e43d4054e86eb717cac6943240_02_K16	13	66.77	096350	097500
4131b357badb2485306e37bb3361822d_02_K16	14	62.73	097500	096350
425fcb776b45ee6d2feb31f3e10ff60e_02_K16	11	65.71	096350	097500
431039b81b2cdbc80f1a201a2ab34b6c_02_K16	12	67.87	097500	096350
43859bd397ed05c2d96af96fd1158ab3_02_K16	10	61.79	096350	097500
43e5404c614a36be7cc37310215f7f40_02_K16	11	81.18	096350	097500
444fede3b99b06a8f74a398adfac3742_02_K16	08	71.38	097500	096350
454cfa9c848691299ee9547276ba877e_02_K16	07	69.0	096350	097500
45d2cdae806cb02492678bb50d744371_02_K16	14	71.38	097500	096350
46879e5f034202427060564e62b0feff_02_K16	12	73.93	097500	096350
4701c551eef7647e7b7814d5135b60e0_02_K16	12	71.38	097500	096350
4820636b68a58ea79cd9da39f81a4caa_02_K16	14	75.27	096350	097500
4856a89a6f1f1cc4a33904d82f0133f0_02_K16	13	66.77	096350	097500
494c363ef95924262037e0002d2647b9_02_K16	14	65.71	097500	096350
4981cfed3fba175f6f3dd0bcea6a3238_02_K16	05	70.17	097500	096350
4a19b14d3d68279cd4b13e656e8c3b51_02_K16	12	73.93	097500	096350
4b4561bd919cf9fc7c8ef17b9a600cf6_02_K16	06	60.88	097500	096350
4b816cb110cc82a822a99be1383dc23f_02_K16	09	65.71	096350	097500
4ba9fcbfd662b951e3347255c23b8f6e_02_K16	18	67.87	096350	097500
4bbadead1720e1dd2bbc03293de7ea69_02_K16	08	66.77	097500	096350
4c5ef6d11fc8d01ad42ee062f3974587_02_K16	12	73.93	097500	096350
4cc4838daa03e717110d86c6a610bda8_02_K16	11	67.87	097500	096350
4d1f96b8315377ea555598fbff5ac9e2_02_K16	09	78.11	096350	097500
4d4e16efb0f57a015b7fdf8cb65f2711_02_K16	06	69.0	097500	096350
4d67403ad61559bbe813d78e077411e5_02_K16	05	69.0	097500	096350
4e2b806ae7561d4912908bb0c96a7588_02_K16	06	66.77	097500	096350
4e9b2ee8164382d42b5f747677e7027b_02_K16	07	65.71	096350	097500
4eea07d9f7d26adbb39a1338dcdfb3ba_02_K16	15	60.88	096350	097500
4f662775b533436fdf34da259cda01a3_02_K16	11	62.73	096350	097500
4f8257a20fd8482992a742ef86c7e35b_02_K16	06	64.69	097500	096350
502675609688d13f39715da6ce9f8320_02_K16	08	66.77	096350	097500
50caa51bcf3083210bf5623c04e9fcf2_02_K16	09	63.69	097500	096350
50f18a482de3bb7e5c235820e26c9529_02_K16	12	71.38	097500	096350
51309f7ce4f77d599b78e46b429ad49b_02_K16	10	78.11	097500	096350
51971c4a9f3790ae36755241fde93e3e_02_K16	06	62.73	097500	096350
52aa854099c8ff0df492469655b2b3c2_02_K16	11	73.93	096350	097500
52cdd0349558deb2afd5e848f761e40b_02_K16	02	75.27	096350	097500
53358a4b77aaf8146e68b2b01e202b92_02_K16	06	70.17	097500	096350
533fb80eef69ca8483a42b292faa1a4a_02_K16	06	63.69	096350	097500
53a5a1d3bedd047296223c0079dc1589_02_K16	11	72.63	097500	096350
53c7d9ba3acdcbeaa15ab0be15c7d07d_02_K16	12	71.38	097500	096350
5433180c9f46c6021a12d96883ccc401_02_K16	11	70.17	097500	096350
54cee25cf5d3638746a4688b154930a0_02_K16	11	78.11	096350	097500
5586c6bb94f526ee4cb5cd3655c41d0e_02_K16	18	64.69	096350	097500
558dcbbced7ee6506ea90da6730196d9_02_K16	15	75.27	096350	097500
55904d188ca53a0df9ddf168f8255cad_02_K16	22	69.0	097500	096350
56ee7d07013c8257fd12b2329c60f7d3_02_K16	06	66.77	097500	096350
57815ec92a7f8a4bbee9e9996544e55d_02_K16	12	73.93	096350	097500
579ad0baf02dbe1ee64172918fd9bed4_02_K16	18	72.63	097500	096350
57b2cc71862d961729f779c8288c4df9_02_K16	15	65.71	097500	096350
582a34e47bc560f9f03bd9641b4e6381_02_K16	11	73.93	097500	096350
583c130d817bd748978d4d7003616090_02_K16	14	79.62	096350	097500
590123807879844c0051a303ff2d0ee8_02_K16	13	66.77	096350	097500
59568383d20e7be8ff69c2b8ae1aa063_02_K16	07	67.87	096350	097500
59a77439e00a91e10fb2fe8d10b6f62a_02_K16	06	62.73	097500	096350
59cb97d3cb753aa4484e40c346874df3_02_K16	18	65.71	096350	097500
59f2044fba4689af17691bb7bd8276e4_02_K16	12	78.11	096350	097500
59f84574407e597af9303423e6d8ca3a_02_K16	08	65.71	096350	097500
5ae47bc16c903f96c43a7c4e995f711e_02_K16	06	70.17	096350	097500
5aeff0690ce75090d1af8da5111adc98_02_K16	11	69.0	096350	097500
5bac185d355b18d164460bbb4f43c86c_02_K16	23	64.69	097500	096350
5be7fcf658009a8566bce12edd46c7c8_02_K16	06	60.0	096350	097500
5c4ff84c9606aaca1be2a1a9a533d8f8_02_K16	14	61.79	096350	097500
5c6812fc1b9ff2163b8dba58112c8bd4_02_K16	12	65.71	096350	097500
5dc67780b48710d112ec971936e1d4f3_02_K16	10	65.71	097500	096350
5ea55afc9890959a2a4b18680af92977_02_K16	06	69.0	096350	097500
5f22ecfdda6914bae369202177113ba8_02_K16	17	65.71	097500	096350
5fc577d1c5cbca86331550efe3c8475d_02_K16	11	65.71	097500	096350
5fce8983bc64654fff7b07a3a5d9b90e_02_K16	08	65.71	097500	096350
5ff9a5178179306b0df29e1d3cc76a25_02_K16	10	64.69	096350	097500
6030a1b818c0929bd2a197181d7274f5_02_K16	06	78.11	096350	097500
603e6afa042c346a07e308b810f37fc3_02_K16	16	60.0	096350	097500
60aeec270eddd3ec3cae86c64f22ed42_02_K16	05	75.27	096350	097500
6139b7617a4a24acf240bdfa06729f86_02_K16	13	72.63	096350	097500
62c2cb37331571174088ec1f05d5381b_02_K16	18	73.93	096350	097500
62d52e8f2a21a73d24fec8f9cc71aebb_02_K16	14	76.67	097500	096350
6362b430cd89857c0aacae846bb1192f_02_K16	14	60.88	096350	097500
639726614aed1b93898092338fe58d66_02_K16	11	66.77	097500	096350
63ba61a9854101b432eb45b5c11b8974_02_K16	06	81.18	097500	096350
6469fd572563f2fe4ea76a113107fd5d_02_K16	18	60.0	097500	096350
646be0bc7b47ead52c226fe6b799b822_02_K16	10	69.0	097500	096350
64f77310dcd513fefc3a3a6cf970a245_02_K16	08	81.18	096350	097500
65428e0a771b84474f4980da20c73466_02_K16	20	72.63	096350	097500
65d3dbaf9ef313c3c44fafc705dcb53b_02_K16	06	78.11	096350	097500
665e26ca7810118288af464a12b6d432_02_K16	10	62.73	096350	097500
66b2929ce51991aa0d909cf55ef0ffb1_02_K16	12	73.93	097500	096350
66d37a9835ee80225d4ff11b47aa5782_02_K16	17	67.87	096350	097500
67f4a5cc7c2c5947aff54570b2b1707a_02_K16	12	84.49	096350	097500
68e4d365d571bb985fecbe02d0639e4f_02_K16	11	73.93	097500	096350
6929db40a393d647f3c4feaa7d853ff5_02_K16	14	76.67	097500	096350
69425af8331cfbc8ec37acbeaaa8e560_02_K16	08	70.17	097500	096350
6973c5d4b53c860b14423b8dfd336001_02_K16	13	71.38	096350	097500
6a2fc51a417edcb41671802baa094bbc_02_K16	11	69.0	097500	096350
6aeb7730a521f9ff5836dd4b0e7f52f2_02_K16	14	79.62	097500	096350
6af85ce89052c6c1b8473daea50fe2df_02_K16	22	67.87	097500	096350
6b0d65528d71c85023aba2672e28cd1a_02_K16	14	78.11	097500	096350
6ba415afb661d89719cbf78aaf856eef_02_K16	13	71.38	097500	096350
6cd2567e6356eabdae1f2eb3227917f3_02_K16	11	72.63	096350	097500
6df500e0327ba88888fb3afdb4d32202_02_K16	09	79.62	097500	096350
6df66efa9123eefeccbf79537e0eeada_02_K16	15	61.79	096350	097500
6f3a56ead20988cf38e742bbc97c0738_02_K16	20	71.38	096350	097500
6f7d688be3fe3d07f6d490d38b77e60f_02_K16	05	79.62	097500	096350
6fd4d093102ec6b989a31f2bc491f0db_02_K16	15	78.11	096350	097500
70b1b63c68a2859a65b15ab7812bd460_02_K16	12	79.62	097500	096350
7137a29f96e6389dc08e636abdb2c9c3_02_K16	03	63.69	097500	096350
719374942b5217af7448a891c3b03704_02_K16	05	76.67	097500	096350
71cae03a2e6cc81f30d6a9aa4350f462_02_K16	18	71.38	096350	097500
72405328d9f73522787476291faee4b6_02_K16	11	75.27	097500	096350
724b953c1838ddcd81e409789969caff_02_K16	13	76.67	097500	096350
7302e2b664b2da5bb721fd9f6aae449c_02_K16	18	64.69	096350	097500
7306168849db92e8dd5e7116f674a22b_02_K16	15	76.67	097500	096350
732d7bcd9806d5f1d183cb3f9709026a_02_K16	14	94.09	096350	097500
736bb09394d662845b8dc04be20c3dd7_02_K16	18	69.0	096350	097500
73b1172e4ea315d2d5a4a4bf05c07370_02_K16	23	65.71	096350	097500
74e9ce74ded804106203eb18664353b2_02_K16	11	60.88	096350	097500
754475cfcce09970d8774777497f76f6_02_K16	12	76.67	097500	096350
76704c3d4940a3835c8ecedcaeb9466e_02_K16	10	66.77	096350	097500
767235b75e3b68394d59143bbe657ff1_02_K16	17	63.69	096350	097500
76f2c656db163b42ff04c5999873b73f_02_K16	14	65.71	097500	096350
775336c4b1740e0962bba0c8a9c00ce7_02_K16	12	60.0	097500	096350
77f2297901acdab5c06f06275033ace9_02_K16	14	79.62	097500	096350
783a9a46b0e474e662f20fccb5d40282_02_K16	14	76.67	096350	097500
78acdc71b10dc3950bfd933adc863ff5_02_K16	13	73.93	096350	097500
78b5bcdaf21158c8b2f6dad1a21d398e_02_K16	11	73.93	096350	097500
78bff621100dee5c7980f52166ce4ff2_02_K16	09	71.38	096350	097500
7957ea464fdefd1c08dd1d451d30f4c9_02_K16	09	81.18	097500	096350
798da53ed6b91bead63da750514056a5_02_K16	07	76.67	096350	097500
7a6a1651e15fbb0e6dd5501681f4a6bf_02_K16	10	69.0	096350	097500
7abd23c2d1f8f1f165a99a95ca085473_02_K16	09	75.27	097500	096350
7b53f83c39494701cba439352c7ec9a3_02_K16	08	69.0	096350	097500
7bab8ec5744ee73bd57cedc54d91acc1_02_K16	06	63.69	096350	097500
7bbc0e939e4c78de8bcb788783afc812_02_K16	11	65.71	096350	097500
7cd444f8484ca0430c126ff3d3227d15_02_K16	12	70.17	097500	096350
7d29fab41cdae35d31cc79db609a9f4f_02_K16	12	66.77	096350	097500
7dc0fd6d0befe7b3356db1ddba7e0dce_02_K16	07	67.87	096350	097500
7f6cc9337d529e0a62dcaa7a431f33de_02_K16	09	72.63	096350	097500
80000310c838b712a96c5f1189c76dde_02_K16	11	73.93	096350	097500
80082584566bd64df4796251cd5b8bff_02_K16	09	72.63	097500	096350
80816d099bef8ee41686f1adc1a60af5_02_K16	17	67.87	096350	097500
80e2867152fbbcaeab713fba9f02550a_02_K16	08	63.69	096350	097500
811f912e2b00da82769762e7ad7b938a_02_K16	09	73.93	096350	097500
8122d7ee6c8280194a66835fcbe6f22b_02_K16	08	67.87	097500	096350
8181bfae359c317e25df235c0e8d3f3a_02_K16	11	69.0	097500	096350
81caab2297e8f38f1c12c69bba7e87b7_02_K16	09	78.11	096350	097500
81e6799102dbecd535c1b03bfe58cde0_02_K16	15	61.79	096350	097500
82382c65de16a86350ab870e079f3239_02_K16	14	61.79	096350	097500
827e8b0bbe4670cf07799fd5321500ab_02_K16	18	70.17	097500	096350
82aa0392509a4012931f31647078e408_02_K16	07	78.11	097500	096350
83a4f451dd7bd583699d2a5f51d5927f_02_K16	18	62.73	097500	096350
8447fc77f077bd68b763e78c847500c3_02_K16	14	61.79	097500	096350
847742b24e77192f4d437ec53d95fd1c_02_K16	02	66.77	097500	096350
84862e11941fc425f6db2082f3ab71a8_02_K16	12	72.63	096350	097500
84ae743e37d204e39bb7334415bc43db_02_K16	13	79.62	096350	097500
84d86f20e9306a11771cc129a5f9ac23_02_K16	12	60.88	096350	097500
852dbec3a645840c537601a6ec7c70fa_02_K16	17	75.27	096350	097500
85aa932fbf405289cb4e1ec622c70078_02_K16	06	65.71	097500	096350
8601c72e26da3d4c1fdae1a9c99471a2_02_K16	16	76.67	097500	096350
86d5199570741649ac7f017cd33f9c64_02_K16	13	71.38	096350	097500
8734697300e48c0b1603440e64b98451_02_K16	10	81.18	097500	096350
878c1460eff99318684a56c3800ef774_02_K16	12	72.63	097500	096350
88097d3cf42f7e715df2c12e55d8e732_02_K16	11	72.63	097500	096350
880f25c0769710793f057e91ba1436f6_02_K16	10	63.69	096350	097500
896b15f215e3bbc5e9a5449baf358bf6_02_K16	17	60.88	097500	096350
89e630613b615bdc226f32853ec7786d_02_K16	13	81.18	096350	097500
8a844795b1a89a535bb49af60e84e4c2_02_K16	10	66.77	097500	096350
8afeb28cab311935af959e34ba3a7d4d_02_K16	07	79.62	096350	097500
8b04800e76bca0d70853da1bfabef739_02_K16	12	71.38	097500	096350
8b06ddc0cc5b00ab7aa361538c09c7f1_02_K16	14	64.69	096350	097500
8c5945c6406c7758062e010c207abe8f_02_K16	13	76.67	096350	097500
8c6dd71dc51106c2a63feef347dda2c1_02_K16	06	76.67	096350	097500
8cc43220de4ff5a8be4eae316cb28314_02_K16	16	78.11	096350	097500
8d25211fc42f005aca14a42bcbddee10_02_K16	14	69.0	097500	096350
8da22b6a2435cd4a6d2f290d33449c65_02_K16	05	82.8	096350	097500
8e0e2a3639ecae7dd9f2c1684e0105e6_02_K16	12	69.0	097500	096350
8eef37deef3e6a1c6f15acb2d44aee7c_02_K16	06	70.17	096350	097500
9066b336e806da4e86ca4258ab1c69cb_02_K16	13	69.0	097500	096350
9067aa5e74414e75c7a803adcec191e0_02_K16	12	70.17	097500	096350
90aafbd527a349e04d5cee5e8423cf2a_02_K16	10	70.17	097500	096350
90d2f50c4072a2303b8d99f3b7f73686_02_K16	06	63.69	097500	096350
90dde6d823ffbd36f2534b5eb9cdd2fa_02_K16	14	65.71	097500	096350
90fb7ea5d8e4b3cc51cf3d15769a589f_02_K16	07	73.93	096350	097500
922e1d7918906dcfa0afde28e4d3cc2a_02_K16	11	61.79	096350	097500
9288b353f425dd58ae4b1143bbaeaf5f_02_K16	12	61.79	097500	096350
92913c92c3349af5a19894c663a8af96_02_K16	13	61.79	097500	096350
936a39ace465fec05fbb65cebc7b3563_02_K16	13	70.17	096350	097500
93f710ef3fdd92d6be3f6afe43c1d7dc_02_K16	14	63.69	096350	097500
93f9d929c43465c7c592f85fde669478_02_K16	07	73.93	096350	097500
94b17a403923d9aee7b47a49db47eeb3_02_K16	06	63.69	097500	096350
94f05cfea75b6cbe827d9a5f73724e87_02_K16	11	62.73	097500	096350
94f23444d42f1aae5eeebe8c3a9145dd_02_K16	10	70.17	097500	096350
958027b8dae518255e8933b794bb4606_02_K16	07	72.63	097500	096350
96f8d121df02b2437a6eea0df4b08c6e_02_K16	10	65.71	096350	097500
9731a2711ba417056a22033c4383137e_02_K16	12	61.79	096350	097500
9769b64b253ddcdc5956da857a780c39_02_K16	09	76.67	096350	097500
979f723b186328cf786e0732c7d0187a_02_K16	10	82.8	096350	097500
9890769a207325af231ecb2b0d03c5e3_02_K16	14	75.27	096350	097500
98c9e5cd5737754262db8506f6d8b9ee_02_K16	12	71.38	096350	097500
9908e7fb37e50dddc183eeab1001a9db_02_K16	14	72.63	097500	096350
99b8710602087b05199eb81606cdc7b6_02_K16	08	75.27	097500	096350
9a0b70a65d22bf70b4dc769f92b77cf6_02_K16	17	64.69	097500	096350
9ab7783fbee3a6f56e08f1a4d9059b40_02_K16	05	67.87	096350	097500
9c15da25b82a73d60f5b9f2c2a582d4d_02_K16	08	79.62	097500	096350
9e05fd6c7d936ec5c278461fb6d34e23_02_K16	06	69.0	096350	097500
9e74978e94ad2b8e777e872fbe879e4c_02_K16	05	70.17	097500	096350
9f01d136e624f96c418c40ca4c7c7efd_02_K16	07	69.0	097500	096350
9f39c0f84252d1782db32a9bd2ecc9f8_02_K16	12	69.0	096350	097500
9f4b262105d5cc774cbdd56d1c8aea6d_02_K16	18	65.71	097500	096350
9fc0c8560028882695c392a8f32dde81_02_K16	06	88.09	096350	097500
a148d0315beef13a7f1bbc5b5b984d4c_02_K16	04	64.69	097500	096350
a1b0dccded7a1c89ca4484d5cfce6d00_02_K16	09	62.73	096350	097500
a282f3b5bc22ac04e701c0b0658805de_02_K16	13	69.0	097500	096350
a2a5fa02c54a3c1dda82c10b72e441fd_02_K16	18	71.38	096350	097500
a2ee65fd1b6523a0042ca0fcbbb2afbf_02_K16	14	79.62	097500	096350
a3664869e07f92b357110f0ff5066229_02_K16	09	82.8	097500	096350
a3d7acb166e39bbdc49f4b41aabbe320_02_K16	13	84.49	096350	097500
a473ab9813d1f68680998f951b29d7b2_02_K16	17	78.11	097500	096350
a5b2000c93011ef0d7340b934f38bac2_02_K16	08	70.17	096350	097500
a6323965d3a13089333680828dc61087_02_K16	17	67.87	096350	097500
a64365b4eec5121da35ec94bad47cf5a_02_K16	12	79.62	096350	097500
a745376c7a26bb3e50cfce67ab8ec377_02_K16	12	64.69	096350	097500
a765aea0cc867c8a601de5cbd2d48546_02_K16	07	69.0	097500	096350
a7a077023c77483609130cb398a858d0_02_K16	17	86.25	097500	096350
a7bc52f802595102147f1b5aba820a93_02_K16	06	60.88	096350	097500
a832f0f04800db1f6b1002664310aaaa_02_K16	13	65.71	096350	097500
a850fe55be8bb9e6016e69a4f5c0224c_02_K16	17	64.69	096350	097500
a9c9d66d8cfa26c85c0a3e40346bd504_02_K16	17	79.62	096350	097500
aa21757463f79e9ce6eb7a4b43af821d_02_K16	13	64.69	096350	097500
aa2869eafc583d655cd2a65c6bced5ca_02_K16	05	66.77	097500	096350
aa2aab81b8dc5702e8029f7aa688965c_02_K16	11	65.71	096350	097500
aa59ba0c4ac9b0d9ad8ffa87837fcacc_02_K16	06	72.63	096350	097500
aaed33c82ea30dd75792843eab6b6d71_02_K16	14	63.69	097500	096350
ac96dfbb97dd23c70ce777ba0ba95267_02_K16	05	70.17	097500	096350
ac9fe5f9ecf042cd2dc9db23d8ec289b_02_K16	06	73.93	096350	097500
ad82c7365f82bbfe6641780b8bb6b3fb_02_K16	10	81.18	097500	096350
ae8a44d237295b390f635f7dd0c5e27f_02_K16	13	86.25	097500	096350
af88ef91d3de9e7b5310ce1c06e1d850_02_K16	07	70.17	096350	097500
b016d331306a3077bf73c6c5bb2d066b_02_K16	17	86.25	096350	097500
b302a78683c50aba080ff2bc96b495bf_02_K16	06	65.71	097500	096350
b3241d6a8d76a43ddb7277a45f198936_02_K16	09	64.69	097500	096350
b37d16cd1264a8d7636870effd159804_02_K16	14	71.38	097500	096350
b4217883e8f11dabbda2a3dafbc85027_02_K16	17	61.79	096350	097500
b443c77cbd29dc978a5dfefe9e8e88d8_02_K16	20	76.67	097500	096350
b46531ea07d96ea5c1cdf600a5b0517f_02_K16	09	65.71	096350	097500
b48d4b138f3898f7881a6cbb52437046_02_K16	06	66.77	096350	097500
b4fb9a7dc426d4b1d51c6cb23a4aba60_02_K16	05	70.17	096350	097500
b4fbe4551a963fc6f512358392f0b154_02_K16	11	67.87	096350	097500
b55d3ec328a5e850414c988112b88d07_02_K16	12	67.87	096350	097500
b59429f983e293807a789187845adc3f_02_K16	06	69.0	096350	097500
b64794d3fd1b55f40ce04cce0465a397_02_K16	14	78.11	096350	097500
b651ed8dc819301f1781a116b6a0e402_02_K16	15	67.87	096350	097500
b70eed738005275a7df000eb8120535b_02_K16	11	69.0	096350	097500
b76a612de3b9c552e35f5e31686632ef_02_K16	09	60.88	097500	096350
b7be6ee748ff108d4e784f51b4cf1223_02_K16	08	70.17	096350	097500
b7f25dc746342391e5d00bb4f754d732_02_K16	12	70.17	097500	096350
b89bbd658ace51b495495b2a0ca77644_02_K16	14	61.79	097500	096350
b9efcdc255d7bc8d03af31dca8d38106_02_K16	14	69.0	096350	097500
b9f019fae057328d65c0577a34829ced_02_K16	11	61.79	096350	097500
b9f5f9046fc2570d94fc50a53a928f34_02_K16	18	66.77	097500	096350
bad971eb9f0145c56058f3d6e70dd9d8_02_K16	09	79.62	097500	096350
bbac1047a16deb685b6f5cc4e8638bc9_02_K16	14	78.11	096350	097500
bc86968f49eb2036981a44852f478d58_02_K16	15	71.38	096350	097500
bdb926f59a83bded840cd1479f605ea7_02_K16	14	71.38	096350	097500
be0724a64925731c64bb403faadac1e9_02_K16	13	69.0	097500	096350
be0b83b37cc93068c3626ade2673db50_02_K16	13	82.8	096350	097500
beb0065705dfe51150c590ad81297e3d_02_K16	14	72.63	096350	097500
becfb533e42042b82209e296c3a302e9_02_K16	14	61.79	097500	096350
bf0440a457a8d631b6d90120095ec7c7_02_K16	09	62.73	096350	097500
c0743cf55669d5dd77107bdecbb25ece_02_K16	10	62.73	096350	097500
c13c82cd01353a5a401af85e00924cb1_02_K16	07	72.63	096350	097500
c1bc015ac3a960e7e2b71ba4c7534fae_02_K16	13	78.11	097500	096350
c1f044e77dd5f075a3c8fb2daecd37d0_02_K16	09	73.93	097500	096350
c2238a869d96612dc62ee0e559ded5f6_02_K16	14	78.11	096350	097500
c25470645586bb912fb38894ec0d084e_02_K16	16	72.63	096350	097500
c2b014eb9c3792b961564b2067a5fe55_02_K16	11	67.87	096350	097500
c32be2315fc95d90b009cc144c117455_02_K16	13	64.69	097500	096350
c411695105c0032d5c8616e2581a1add_02_K16	15	73.93	096350	097500
c4aab7a76270ff2310357f6f62ad7936_02_K16	14	75.27	096350	097500
c59f278102e26c5b8e5e6373fae1bf24_02_K16	09	64.69	096350	097500
c61df113d34a271c9b7b0d6cbfd3717b_02_K16	06	67.87	096350	097500
c64d061cc0be239a40c4233786d2d337_02_K16	06	65.71	096350	097500
c6fdbdca2af6fb7a924655aee76b8c69_02_K16	09	66.77	097500	096350
c738766d7037e5e2661332ebb67b9adb_02_K16	13	60.88	096350	097500
c7750390b6ab3a33702c6ad219cd33a4_02_K16	13	67.87	097500	096350
c7f5e7533c291b6fad70af5c1715db42_02_K16	22	69.0	097500	096350
c80f92dbae80f97cd5a78ebd7adceac7_02_K16	17	76.67	096350	097500
c9a5e5a44cacd60206285f12553d0bb0_02_K16	07	70.17	097500	096350
c9becf8f761427d2607a2087a909c68d_02_K16	08	70.17	097500	096350
ca04e07d89e7c7c56719f03185252ad0_02_K16	09	73.93	097500	096350
ca8545c54b421dd629279a7a7a3ec6ad_02_K16	13	63.69	096350	097500
cc463e6128ffeed1df1c41ddaf6c8cbd_02_K16	11	66.77	097500	096350
cc8f7a2447fafcfcaae7e8ffc9ca4481_02_K16	18	81.18	097500	096350
cca5bcbf695bd797321e48c9b13ba720_02_K16	14	73.93	097500	096350
cd31533dd3dcfe360953aaa0def4cd9f_02_K16	05	70.17	096350	097500
ce12643fe8e9d15868ebb278507be854_02_K16	15	69.0	097500	096350
ce380912ecbdabd6721283625a5f413e_02_K16	06	79.62	096350	097500
ce5789e8a2338d521e264447e1db805c_02_K16	06	78.11	096350	097500
ce876d4a4d6cefa1250166a048d186eb_02_K16	12	64.69	096350	097500
ce8ba60fba70a19866bf1c72b847ed14_02_K16	12	65.71	097500	096350
cf3e779611cac88cbf679741a24fd337_02_K16	11	75.27	096350	097500
cf51e907b2e81d1a1613f62f38ff257d_02_K16	14	65.71	096350	097500
cf8b808d5b1bfc68f31507edd0ccbcd9_02_K16	14	63.69	097500	096350
cfb313269bf7b6f2bab4c5730448e03b_02_K16	06	65.71	097500	096350
cfbb483b3971a392d567fde56eaa2c99_02_K16	06	70.17	097500	096350
d0ce6f45e7b018f300b3ed6437ed8a88_02_K16	06	70.17	096350	097500
d0ebd15dcae8e7c5161b03236d3470ad_02_K16	07	67.87	096350	097500
d0f993d3e3d25e52319ea416b77c8ef6_02_K16	15	67.87	097500	096350
d100a03aa0043baa2191385e59bd7937_02_K16	00	69.0	097500	096350
d13ae440041abc3bf143abb6d45e5816_02_K16	05	84.49	097500	096350
d1ab5e40a7ea4d5d12526182e7f559cb_02_K16	15	63.69	096350	097500
d1b3c68f837fef784aa1859aee136ee9_02_K16	14	78.11	096350	097500
d2492a6c00e243af3db68d738816188b_02_K16	17	73.93	096350	097500
d406e29a02896c901c2e85a1c44ebdd0_02_K16	07	61.79	096350	097500
d47c3966ed0bcb3b7c8d92833cea407f_02_K16	06	66.77	097500	096350
d50ec8f05edd28848aa1c2509cd9b028_02_K16	11	61.79	096350	097500
d511cb8acdd98275597248d72866a809_02_K16	13	60.0	096350	097500
d65ad187e627bd7e7b84df56d2f3e59a_02_K16	07	69.0	097500	096350
d67ae45454449342977aab7436e23923_02_K16	08	62.73	096350	097500
d6acdf4feb530cee09cbd04f43891383_02_K16	09	65.71	097500	096350
d6df222f90650d3b06d95620fe184864_02_K16	13	70.17	096350	097500
d73426c56556b4f52779abfa2cd74cce_02_K16	09	65.71	096350	097500
d7ed0ee557350a2f9d6463c548b8ec58_02_K16	11	73.93	097500	096350
d8603ff65e97e7e301bb9ca7b01b6d7e_02_K16	08	75.27	096350	097500
d885642711e28b24f2d2eb8788789b9e_02_K16	13	62.73	096350	097500
d898e72504ed4611d0b36bb454a9bc6c_02_K16	10	62.73	097500	096350
d89d610501a0fa4e982eb4d0bcdb8bf8_02_K16	10	64.69	096350	097500
d8ee880dfdcdca53bc637b82ab5c6d7e_02_K16	13	65.71	097500	096350
d8fbe07673082c6a6c8cdf69352a9579_02_K16	09	73.93	097500	096350
d95a35eef60e747a1210dc65a3794baa_02_K16	14	70.17	097500	096350
dbeaaf756e99a6d5a4d7d59fa5f6582a_02_K16	10	75.27	096350	097500
dc5ea5262fec605d0dabdb9cacdb1710_02_K16	09	78.11	096350	097500
dcb9a0dd62111f13e6f5c4cf138acb11_02_K16	06	78.11	096350	097500
ddb85e83c007db274d37c69f5f8319e6_02_K16	14	66.77	097500	096350
dde023667a1e6a2e8024da4800421c37_02_K16	08	73.93	097500	096350
de64faebf4f43e2e10c655445f95e171_02_K16	08	63.69	096350	097500
df6b8f963df2f42725463ec2067e8972_02_K16	10	65.71	097500	096350
df7221dc777cb3e54418d3aa6b0b0e41_02_K16	11	61.79	096350	097500
dfa1e57f0fd29288702d4d298cb4ba7e_02_K16	10	75.27	097500	096350
e0586a91476cd7d765ce1925735a61ee_02_K16	12	82.8	097500	096350
e18190f756553152421dde1542d47f4e_02_K16	05	64.69	097500	096350
e1e982aee59b19c34871b0dda8f4bb76_02_K16	09	75.27	097500	096350
e1eb90f51af0c28cd9ad835516968609_02_K16	13	71.38	096350	097500
e2588cca7da2204b62b15dafd6c5a723_02_K16	10	64.69	097500	096350
e329f34eae2134540d2d27e1c9a514df_02_K16	12	63.69	097500	096350
e35dfc53a2d28c1677f73c7231b098b6_02_K16	14	72.63	097500	096350
e456e989346ed5dab5743b7dec902bda_02_K16	13	60.0	097500	096350
e4b4c3acec3ab1659ae2b2daefbf1fa9_02_K16	03	72.63	097500	096350
e534fb26c6b2faf048b792239eaa7327_02_K16	17	84.49	096350	097500
e5613e8478ea6cd93e2cd16e2a9c219f_02_K16	11	67.87	096350	097500
e625d4d63e9471628a48d9645125227b_02_K16	06	73.93	096350	097500
e68abcd6cfeb403f45ad673e372a9f37_02_K16	08	60.88	096350	097500
e8725346f3237cdb6ccd57b29e3438e5_02_K16	13	61.79	096350	097500
e9564f4b33ae5fc5c7cc568078e069f3_02_K16	11	71.38	097500	096350
e9924fb3e519ee153f4f24d850bf17b4_02_K16	12	94.09	096350	097500
e996227289d94294c6b86b97732f4350_02_K16	06	67.87	096350	097500
e9cf407967ca63dad5b1d2c432cbb816_02_K16	14	64.69	096350	097500
ea1ff2a9ac89e911f949d8b53304c314_02_K16	03	67.87	097500	096350
ead8ddbec0429ea95f94ab4dbf696cde_02_K16	06	60.0	096350	097500
eaf629ac614e4d9e5e95930c87084d22_02_K16	13	81.18	096350	097500
eb91210b5b036542065a4c99c8d9d66d_02_K16	13	84.49	096350	097500
eb9c8b0de10784f3d5538cb5b05e22f9_02_K16	11	75.27	097500	096350
ec918f09f7c9a769054b85204428614d_02_K16	12	69.0	096350	097500
ecd63ad4598521822579393e92f60730_02_K16	06	71.38	097500	096350
ece8db3559e3def005433a828170a806_02_K16	10	75.27	097500	096350
ee7bd2db4b3fba26c9c00a6bd8b5b819_02_K16	14	63.69	096350	097500
eece41c3c706b3d73226d3a8b11c1437_02_K16	11	64.69	096350	097500
efc8cacb1d2d014e6eaf5f37dad3a3fb_02_K16	08	76.67	097500	096350
efc8fa58b64024b9677ef5e35f7866f6_02_K16	10	75.27	097500	096350
efdc267a88656bf6b513768344bf181e_02_K16	05	60.0	097500	096350
f00843e17c63b7132dde151fe97b64b2_02_K16	14	76.67	096350	097500
f056a12a17499718e36fc551c1621e6e_02_K16	09	65.71	096350	097500
f0666447022e831bfba149f0c65aca96_02_K16	06	67.87	097500	096350
f0a8a1ca550e8003ad1141781ee90e7c_02_K16	14	75.27	096350	097500
f3057474bc1774c4e62e90da5b46ffa1_02_K16	09	71.38	097500	096350
f316339b04ab44e10ce65b6a6270fae3_02_K16	13	71.38	096350	097500
f4b3f87b5d2a405862e0829acfc64c63_02_K16	22	63.69	097500	096350
f5839101f33ed8b6fbded904444b65e2_02_K16	05	76.67	097500	096350
f58e71650dad5bf122ca8fcaa047b3a9_02_K16	13	70.17	097500	096350
f5ec7873fb2c85d745949c311281bcb5_02_K16	10	60.88	097500	096350
f6b93dd04e22b12dd3a601edb3704641_02_K16	08	73.93	097500	096350
f789ff73441fe5dcc88e9646002c166f_02_K16	03	71.38	096350	097500
f78a14781638e6476666247bdd8f369b_02_K16	13	72.63	097500	096350
f7927c5b1d939888fcf01167ff230b2e_02_K16	11	64.69	097500	096350
f795f541259d1edc073bf12550503c36_02_K16	06	82.8	096350	097500
f891935ebb09a88aada8e92abe981728_02_K16	12	70.17	097500	096350
f8b3fd27f6a641199041e1869178761b_02_K16	09	60.88	097500	096350
f91772a7edc479f69ca2757399d41320_02_K16	06	75.27	096350	097500
f991fc00466740d4ec6a0ad7d259d0f7_02_K16	12	62.73	097500	096350
faa5d977c33f0c1dfcc3ee00ee8f872c_02_K16	10	62.73	097500	096350
faf4bd6f1c3ac37745a0d4720df6bb2d_02_K16	14	71.38	097500	096350
fc5e3e1882b772420f5b3cae606fc396_02_K16	05	78.11	096350	097500
fcbdd5624b94b1dc26c95e6307fe4573_02_K16	03	78.11	096350	097500
fd09cc0a7a01f7ec2adcccc5dfc316af_02_K16	13	72.63	096350	097500
fd3b8925fbaec09bf7ba510cec227685_02_K16	17	76.67	096350	097500
fdf5dcf03139193c9e87e9c9edd9c5f8_02_K16	05	76.67	096350	097500
fe94064fc086549a660b69e33f40be61_02_K16	09	69.0	096350	097500
fe9f480a4c417586bc1e54fc75c1278b_02_K16	07	73.93	097500	096350
fefbe148d180547427c8f57f94f4ee55_02_K16	13	65.71	097500	096350
fffb88f7e480a72072ca8acaf365e6e4_02_K16	11	69.0	096350	097500
