560.0	69.0	117210	2	503.5	1.6839145372688817E-4
595.0	92.94	117210	1	1346.0	0.02975109978648875
702.0	104.63	126180	4	1467.0	0.030870667556525393
748.0	79.44	110410	3	1531.75	0.0324024805251967
779.0	70.74	087600	3	812.75	6.0085641870399644E-5
786.0	85.46	117210	23	979.5	0.0019750818101043465
802.0	73.92	087600	2	999.0	0.002047177986588396
815.0	74.92	087600	0	1193.5	0.0075570956352681955
846.0	90.63	110410	4	852.25	2.060550132729707E-6
858.0	61.6	087600	4	843.75	1.071156380998248E-5
866.0	89.88	117210	5	795.25	2.640438393283093E-4
904.0	94.69	087600	23	1303.0	0.008397866027026194
1008.0	96.33	126180	5	1276.75	0.0038099571954173283
1038.0	94.39	117210	22	1317.5	0.004120849702563385
1052.0	94.57	126180	9	1345.5	0.004544010871581185
1076.0	90.53	126180	10	2162.5	0.06227053713721921
1087.0	98.11	126180	8	1555.75	0.011590594496604902
1127.0	83.49	087600	22	1538.25	0.008921440276672082
1149.0	93.27	117210	16	1778.5	0.02090328873559948
1166.0	98.07	126180	13	1446.75	0.004157791245342962
1176.0	80.97	087600	5	939.75	0.0029441964516495945
1184.0	94.88	117210	17	1350.75	0.0014667457408000177
1185.0	91.81	087600	10	1516.0	0.005779351887155343
1225.0	98.21	126180	7	1609.25	0.0077884476104106625
1226.0	82.7	117210	21	1872.5	0.022047543544666356
1226.0	96.13	126180	14	1349.25	8.013034387357398E-4
1259.0	93.44	126180	15	1193.25	2.2804190740925598E-4
1273.0	91.95	087600	9	1502.0	0.0027662671234683204
1274.0	95.35	117210	6	1521.5	0.0032312722961415023
1294.0	97.09	126180	11	1796.75	0.013332982501320327
1295.0	99.22	110410	10	1560.75	0.00372537243668882
1314.0	107.04	126180	23	1911.5	0.018832109461065057
1323.0	98.51	110410	9	1595.75	0.003924213876057133
1331.0	90.19	087600	14	2352.0	0.05498884968737137
1338.0	99.34	110410	8	1538.5	0.002120566540115701
1339.0	92.25	126180	16	1196.25	0.00107491812132055
1358.0	97.65	126180	12	1610.0	0.003349841296099093
1378.0	94.26	117210	15	1613.75	0.002931747431967696
1382.0	80.38	087600	21	1946.75	0.016824246771009136
1383.0	91.71	087600	13	1939.0	0.01630694978128761
1419.0	86.51	110410	23	970.75	0.01059897205384982
1433.0	93.04	110410	5	1583.5	0.0011948025764828764
1442.0	97.98	126180	6	1400.0	9.305114711386387E-5
1448.0	92.27	110410	13	1847.75	0.008429466623861738
1448.0	93.87	117210	14	1569.0	7.723139710283908E-4
1461.0	95.17	110410	14	1627.5	0.00146235099947693
1474.0	90.94	087600	15	1734.0	0.0035659056376968175
1479.0	94.92	087600	8	1646.0	0.0014711470758835298
1487.0	92.38	117210	13	1565.5	3.2505920141859723E-4
1506.0	97.41	117210	19	1721.0	0.0024383726050670844
1512.0	94.73	117210	10	1444.25	2.4212617967649005E-4
1515.0	90.45	087600	6	1405.5	6.324866874614526E-4
1526.0	97.75	110410	7	1667.75	0.0010599107225938511
1535.0	97.29	126180	17	1693.75	0.0013293845236319287
1536.0	101.47	117210	20	2132.5	0.018769125861487993
1540.0	95.95	110410	16	1686.0	0.0011244207777092515
1550.0	95.5	110410	15	1670.25	7.627695028135834E-4
1575.0	91.73	087600	16	1338.5	0.0029504308521311777
1577.0	100.56	110410	17	2185.0	0.01949980682919459
1578.0	92.61	087600	11	1561.25	1.4799695273318328E-5
1581.0	94.93	117210	12	1623.75	9.640407428984288E-5
1583.0	94.8	117210	11	1586.75	7.417980477827328E-7
1610.0	92.67	087600	12	1609.75	3.2968802123698268E-9
1635.0	92.82	110410	11	1831.0	0.0020264472038130288
1642.0	76.94	087600	19	1425.25	0.002478228589954399
1644.0	94.75	087600	7	1670.75	3.774598155139691E-5
1655.0	75.29	087600	20	1535.0	7.59601200929497E-4
1676.0	102.58	126180	18	2074.0	0.008355824210558088
1686.0	97.27	117210	7	1581.75	5.73291203248394E-4
1700.0	97.93	117210	8	1696.0	8.440013343661656E-7
1744.0	90.92	110410	12	1685.75	1.789843298492252E-4
1750.0	98.02	117210	9	1731.75	1.7569074651706706E-5
1788.0	98.3	117210	18	1833.25	1.0800909263737404E-4
1844.0	94.25	087600	17	2199.5	0.006666568727345169
1887.0	95.08	110410	6	1704.25	0.0017617242071609647
1895.0	96.86	110410	18	1999.75	5.788035869634745E-4
1903.0	91.81	087600	18	1452.5	0.010705642613120982
1946.0	85.36	110410	22	1356.0	0.018362304030802665
2098.0	84.95	126180	21	2041.5	1.6839145372689034E-4
2379.0	85.94	110410	21	1961.0	0.009216705571611517
2508.0	92.81	126180	20	1375.5	0.06765494914997458
2850.0	87.55	110410	20	2088.0	0.03062901942447969
3216.0	101.28	126180	19	2353.0	0.03928662686215705
3453.0	101.79	110410	19	2590.25	0.039263868498051135
0.7339552016487989	0.2355%
