560.0	69.0	117210	2	639.0	3.2921327048618084E-4
595.0	92.94	117210	1	1381.0	0.03258879052287783
702.0	104.63	126180	4	1303.17	0.01906395193871912
748.0	79.44	110410	3	1454.0	0.026292540568506637
779.0	70.74	087600	3	818.67	8.299932566637802E-5
786.0	85.46	117210	23	952.67	0.0014652800943856085
802.0	73.92	087600	2	1003.17	0.0021346918402255707
815.0	74.92	087600	0	1246.17	0.00980648813600219
846.0	90.63	110410	4	1071.0	0.0026704729720177693
858.0	61.6	087600	4	1012.17	0.0012537302807586852
866.0	89.88	117210	5	896.33	4.853593784642917E-5
904.0	94.69	087600	23	1373.0	0.011602961094281486
1008.0	96.33	126180	5	1375.67	0.007130691801401518
1038.0	94.39	117210	22	1361.33	0.005514728163229678
1052.0	94.57	126180	9	1343.33	0.0044771691895156
1076.0	90.53	126180	10	2152.67	0.06114848278686239
1087.0	98.11	126180	8	1595.33	0.013630768078022102
1127.0	83.49	087600	22	1368.0	0.003063777593832378
1149.0	93.27	117210	16	1660.83	0.013819116646634533
1166.0	98.07	126180	13	1399.0	0.0028637492775876153
1176.0	80.97	087600	5	1089.0	3.9926538123856924E-4
1184.0	94.88	117210	17	1572.17	0.007948032364450281
1185.0	91.81	087600	10	1721.67	0.01519261013062773
1225.0	98.21	126180	7	1593.0	0.007143627294074738
1226.0	82.7	117210	21	2100.5	0.040340639466051
1226.0	96.13	126180	14	1644.0	0.009216705571611507
1259.0	93.44	126180	15	1541.17	0.004199857605252652
1273.0	91.95	087600	9	1570.17	0.004658255829980244
1274.0	95.35	117210	6	1522.33	0.003253068337545485
1294.0	97.09	126180	11	1748.83	0.010912587051411243
1295.0	99.22	110410	10	1685.0	0.00802328768481783
1314.0	107.04	126180	23	1512.0	0.0020680142695305636
1323.0	98.51	110410	9	1626.67	0.004864266884850381
1331.0	90.19	087600	14	2091.33	0.03049518074065851
1338.0	99.34	110410	8	1628.33	0.004446486224339166
1339.0	92.25	126180	16	1616.17	0.00405233320534991
1358.0	97.65	126180	12	1725.0	0.00710485598277731
1378.0	94.26	117210	15	1551.0	0.0015787572460152102
1382.0	80.38	087600	21	1766.33	0.007791826179988297
1383.0	91.71	087600	13	1813.17	0.009761052730835483
1419.0	86.51	110410	23	1054.67	0.0070019815979106914
1433.0	93.04	110410	5	1368.67	2.183208729430772E-4
1442.0	97.98	126180	6	1576.17	9.495381331642289E-4
1448.0	92.27	110410	13	1870.17	0.009401367495506458
1448.0	93.87	117210	14	1479.5	5.234127025154963E-5
1461.0	95.17	110410	14	1593.5	9.26093651654066E-4
1474.0	90.94	087600	15	1700.67	0.002710182062575625
1479.0	94.92	087600	8	1586.33	6.07704405225107E-4
1487.0	92.38	117210	13	1837.5	0.006480360932950637
1506.0	97.41	117210	19	1599.67	4.6279992613112433E-4
1512.0	94.73	117210	10	1421.67	4.304465416470949E-4
1515.0	90.45	087600	6	1414.5	5.327890298394547E-4
1526.0	97.75	110410	7	1557.67	5.289661140732009E-5
1535.0	97.29	126180	17	1563.17	4.184986477574714E-5
1536.0	101.47	117210	20	1993.17	0.011024839228881943
1540.0	95.95	110410	16	1700.17	0.0013532169380470855
1550.0	95.5	110410	15	1741.0	0.0019243757924381373
1575.0	91.73	087600	16	1630.5	1.6248344438632556E-4
1577.0	100.56	110410	17	2263.0	0.024823978246709635
1578.0	92.61	087600	11	1545.17	5.686605518301092E-5
1581.0	94.93	117210	12	1808.17	0.0027221519356666595
1583.0	94.8	117210	11	1697.83	6.955992316868345E-4
1610.0	92.67	087600	12	1614.17	9.158000589909456E-7
1635.0	92.82	110410	11	1701.33	2.3210622807105829E-4
1642.0	76.94	087600	19	1236.5	0.008673709400634557
1644.0	94.75	087600	7	1553.67	4.304465416470903E-4
1655.0	75.29	087600	20	1292.5	0.0069316906465029205
1676.0	102.58	126180	18	2204.67	0.0147430387531887
1686.0	97.27	117210	7	1538.17	0.0011528369545796711
1700.0	97.93	117210	8	1668.67	5.178885965596473E-5
1744.0	90.92	110410	12	1768.17	3.0807513984457505E-5
1750.0	98.02	117210	9	1853.83	5.687176977537923E-4
1788.0	98.3	117210	18	1898.33	6.421502096839243E-4
1844.0	94.25	087600	17	2118.83	0.003984391097933434
1887.0	95.08	110410	6	1636.33	0.0033144870179817494
1895.0	96.86	110410	18	1838.5	1.6839145372688744E-4
1903.0	91.81	087600	18	2151.33	0.0032530683375454786
1946.0	85.36	110410	22	1252.67	0.025357551201399563
2098.0	84.95	126180	21	1834.17	0.00367182927043985
2379.0	85.94	110410	21	1818.0	0.01660155899706479
2508.0	92.81	126180	20	1336.83	0.07235366868976131
2850.0	87.55	110410	20	1797.17	0.058471253408329385
3216.0	101.28	126180	19	2132.67	0.06190808398779187
3453.0	101.79	110410	19	2539.67	0.04400294734643754
0.8016164723834208	0.2488%
