560.0	69.0	117210	2	708.14	0.0011576694782346301
595.0	92.94	117210	1	1373.86	0.03199917377436721
702.0	104.63	126180	4	1188.14	0.012466684500644525
748.0	79.44	110410	3	1325.29	0.017579429277771553
779.0	70.74	087600	3	965.43	0.0018333614444628072
786.0	85.46	117210	23	933.29	0.00114431186527951
802.0	73.92	087600	2	1137.0	0.005919878109327284
815.0	74.92	087600	0	1285.57	0.011680844977619988
846.0	90.63	110410	4	1166.86	0.005430584483713258
858.0	61.6	087600	4	1144.71	0.0043363249118521345
866.0	89.88	117210	5	907.0	8.867289019183926E-5
904.0	94.69	087600	23	1393.14	0.01262102370894053
1008.0	96.33	126180	5	1356.86	0.0064197540475903385
1038.0	94.39	117210	22	1376.71	0.00605187819557044
1052.0	94.57	126180	9	1314.29	0.0036288784719507353
1076.0	90.53	126180	10	2156.0	0.06152769727528941
1087.0	98.11	126180	8	1553.0	0.011454997110350425
1127.0	83.49	087600	22	1332.71	0.002232297406813219
1149.0	93.27	117210	16	1617.71	0.011588828378060108
1166.0	98.07	126180	13	1299.14	9.351018049265677E-4
1176.0	80.97	087600	5	1042.43	9.411314624186405E-4
1184.0	94.88	117210	17	1531.0	0.00635158479185555
1185.0	91.81	087600	10	1919.14	0.02843048745370269
1225.0	98.21	126180	7	1565.57	0.006118424040575329
1226.0	82.7	117210	21	1955.29	0.02805553555478133
1226.0	96.13	126180	14	1734.57	0.01364353993778358
1259.0	93.44	126180	15	1464.14	0.0022199129790701775
1273.0	91.95	087600	9	1777.0	0.01339936518439636
1274.0	95.35	117210	6	1542.14	0.003792762215744817
1294.0	97.09	126180	11	1837.71	0.015594255246354273
1295.0	99.22	110410	10	1727.86	0.009883535523828842
1314.0	107.04	126180	23	1468.29	0.0012556672913324395
1323.0	98.51	110410	9	1641.71	0.005358289956150293
1331.0	90.19	087600	14	2180.71	0.0380863180920199
1338.0	99.34	110410	8	1679.29	0.006144115484254745
1339.0	92.25	126180	16	1674.57	0.005940091080059507
1358.0	97.65	126180	12	1650.86	0.004524127050604054
1378.0	94.26	117210	15	1549.86	0.0015579672539625619
1382.0	80.38	087600	21	1623.0	0.003063777593832372
1383.0	91.71	087600	13	1715.43	0.005829346047828752
1419.0	86.51	110410	23	1139.29	0.004127170831179535
1433.0	93.04	110410	5	1316.29	7.185734779014038E-4
1442.0	97.98	126180	6	1551.14	6.283676056940777E-4
1448.0	92.27	110410	13	1978.43	0.014841471724570884
1448.0	93.87	117210	14	1488.57	8.682879033754379E-5
1461.0	95.17	110410	14	1609.86	0.001168860031641182
1474.0	90.94	087600	15	1860.0	0.0078595514259508
1479.0	94.92	087600	8	1705.14	0.0026976704844047885
1487.0	92.38	117210	13	1759.71	0.003923186258679914
1506.0	97.41	117210	19	1608.43	5.534334208966075E-4
1512.0	94.73	117210	10	1442.43	2.55320092436578E-4
1515.0	90.45	087600	6	1529.57	1.1200242197379071E-5
1526.0	97.75	110410	7	1618.71	4.5343648729124705E-4
1535.0	97.29	126180	17	1540.0	1.3187520849469106E-6
1536.0	101.47	117210	20	1934.43	0.008373829213513775
1540.0	95.95	110410	16	1754.0	0.002415742819289391
1550.0	95.5	110410	15	1741.14	0.0019272555163787316
1575.0	91.73	087600	16	1558.86	1.3746241120562005E-5
1577.0	100.56	110410	17	2147.29	0.017155687857836364
1578.0	92.61	087600	11	1538.57	8.200592556973594E-5
1581.0	94.93	117210	12	1744.0	0.0014015169657983276
1583.0	94.8	117210	11	1753.71	0.0015373150580461276
1610.0	92.67	087600	12	1624.14	1.0551093211890424E-5
1635.0	92.82	110410	11	1781.0	0.0011244207777092478
1642.0	76.94	087600	19	1181.57	0.011182725940093797
1644.0	94.75	087600	7	1574.0	2.584754086496195E-4
1655.0	75.29	087600	20	1662.57	3.023979270707132E-6
1676.0	102.58	126180	18	2197.57	0.014349961518921815
1686.0	97.27	117210	7	1542.57	0.0010851617972734565
1700.0	97.93	117210	8	1697.86	2.4221977070460485E-7
1744.0	90.92	110410	12	1818.0	2.888594566868004E-4
1750.0	98.02	117210	9	1920.71	0.001537315058046132
1788.0	98.3	117210	18	1853.14	2.2384982329432446E-4
1844.0	94.25	087600	17	2007.86	0.0014162956014082415
1887.0	95.08	110410	6	1651.43	0.0029273077454204798
1895.0	96.86	110410	18	1883.14	7.416231112816368E-6
1903.0	91.81	087600	18	2084.29	0.001733605654095846
1946.0	85.36	110410	22	1412.43	0.015017868003453403
2098.0	84.95	126180	21	1739.43	0.0067822612329590986
2379.0	85.94	110410	21	1754.57	0.020567839920816167
2508.0	92.81	126180	20	1289.0	0.07838456667599991
2850.0	87.55	110410	20	1834.29	0.054420969202817596
3216.0	101.28	126180	19	2000.29	0.07796257785067232
3453.0	101.79	110410	19	2384.43	0.060232413594792825
0.8300388243628095	0.2528%
