569 076320 0
525 076320 1
441 076320 2
474 076320 3
202 076320 4
735 076320 5
936 076320 6
1293 076320 7
1374 076320 8
1412 076320 9
1499 076320 10
1412 076320 11
1624 076320 12
1580 076320 13
1707 076320 14
1814 076320 15
1805 076320 16
1849 076320 17
1646 076320 18
1577 076320 19
1759 076320 20
1437 076320 21
950 076320 22
698 076320 23
689 079100 0
599 079100 1
534 079100 2
553 079100 3
581 079100 4
971 079100 5
1075 079100 6
1126 079100 7
1183 079100 8
1217 079100 9
2207 079100 10
2067 079100 11
2291 079100 12
2628 079100 13
2717 079100 14
2948 079100 15
2928 079100 16
2744 079100 17
2480 079100 18
2071 079100 19
2057 079100 20
1650 079100 21
1157 079100 22
847 079100 23
330 086060 0
336 086060 1
296 086060 2
283 086060 3
112 086060 4
440 086060 5
607 086060 6
958 086060 7
1023 086060 8
1138 086060 9
1429 086060 10
1292 086060 11
1271 086060 12
1474 086060 13
1452 086060 14
1418 086060 15
1223 086060 16
1143 086060 17
1324 086060 18
581 086060 19
782 086060 20
673 086060 21
502 086060 22
378 086060 23
852 087600 0
767 087600 1
754 087600 2
763 087600 3
809 087600 4
1152 087600 5
1548 087600 6
1684 087600 7
1342 087600 8
1140 087600 9
1129 087600 10
1514 087600 11
1567 087600 12
1293 087600 13
1315 087600 14
1466 087600 15
1498 087600 16
1499 087600 17
1642 087600 18
1940 087600 19
1846 087600 20
1522 087600 21
1196 087600 22
909 087600 23
1 092400 0
1 092400 2
1 092400 3
1 092400 4
9 092400 5
13 092400 6
6 092400 7
47 092400 8
30 092400 9
4 092400 10
13 092400 11
5 092400 12
9 092400 13
5 092400 14
12 092400 15
7 092400 16
4 092400 18
1 092400 21
1 092400 23
312 096350 0
307 096350 1
314 096350 2
286 096350 3
136 096350 4
494 096350 5
567 096350 6
586 096350 7
651 096350 8
745 096350 9
881 096350 10
889 096350 11
1073 096350 12
1165 096350 13
1136 096350 14
832 096350 15
609 096350 16
739 096350 17
940 096350 18
283 096350 19
407 096350 20
373 096350 21
327 096350 22
269 096350 23
583 097500 0
517 097500 1
489 097500 2
467 097500 3
523 097500 4
688 097500 5
1024 097500 6
1234 097500 7
1463 097500 8
1526 097500 9
1558 097500 10
1630 097500 11
1680 097500 12
1674 097500 13
1703 097500 14
1868 097500 15
1863 097500 16
1804 097500 17
1731 097500 18
1581 097500 19
1545 097500 20
1264 097500 21
928 097500 22
689 097500 23
738 103500 0
696 103500 1
649 103500 2
558 103500 3
599 103500 4
871 103500 5
1210 103500 6
1578 103500 7
1794 103500 8
2109 103500 9
2250 103500 10
2091 103500 11
2100 103500 12
2479 103500 13
2624 103500 14
2816 103500 15
2881 103500 16
2561 103500 17
2151 103500 18
1940 103500 19
1747 103500 20
1423 103500 21
1178 103500 22
945 103500 23
1267 105710 0
1122 105710 1
920 105710 2
866 105710 3
640 105710 4
1409 105710 5
2057 105710 6
2370 105710 7
2418 105710 8
3018 105710 9
3104 105710 10
3201 105710 11
3005 105710 12
3135 105710 13
3232 105710 14
3341 105710 15
3474 105710 16
3598 105710 17
3897 105710 18
4354 105710 19
3883 105710 20
3088 105710 21
2498 105710 22
1732 105710 23
1056 110410 0
946 110410 1
818 110410 2
748 110410 3
846 110410 4
1433 110410 5
1887 110410 6
1526 110410 7
1338 110410 8
1323 110410 9
1295 110410 10
1635 110410 11
1744 110410 12
1448 110410 13
1461 110410 14
1550 110410 15
1540 110410 16
1577 110410 17
1895 110410 18
3453 110410 19
2850 110410 20
2379 110410 21
1946 110410 22
1419 110410 23
1316 115600 0
1289 115600 1
1123 115600 2
1075 115600 3
919 115600 4
1053 115600 5
1595 115600 6
1850 115600 7
1833 115600 8
1916 115600 9
1953 115600 10
2371 115600 11
2337 115600 12
2243 115600 13
2132 115600 14
1943 115600 15
1958 115600 16
2093 115600 17
2184 115600 18
3634 115600 19
2848 115600 20
2468 115600 21
2153 115600 22
1664 115600 23
616 117210 0
605 117210 1
525 117210 2
499 117210 3
432 117210 4
867 117210 5
1284 117210 6
1697 117210 7
1582 117210 8
1732 117210 9
1544 117210 10
1543 117210 11
1567 117210 12
1436 117210 13
1359 117210 14
1331 117210 15
1097 117210 16
1170 117210 17
1661 117210 18
1873 117210 19
1469 117210 20
1278 117210 21
1084 117210 22
811 117210 23
654 121720 0
637 121720 1
585 121720 2
561 121720 3
602 121720 4
683 121720 5
908 121720 6
844 121720 7
687 121720 8
628 121720 9
679 121720 10
726 121720 11
861 121720 12
786 121720 13
766 121720 14
785 121720 15
800 121720 16
753 121720 17
851 121720 18
1160 121720 19
962 121720 20
860 121720 21
787 121720 22
690 121720 23
949 126180 0
875 126180 1
768 126180 2
699 126180 3
702 126180 4
1008 126180 5
1442 126180 6
1225 126180 7
1087 126180 8
1052 126180 9
1076 126180 10
1294 126180 11
1358 126180 12
1166 126180 13
1226 126180 14
1259 126180 15
1339 126180 16
1535 126180 17
1676 126180 18
3216 126180 19
2508 126180 20
2098 126180 21
1840 126180 22
1314 126180 23
519 127700 0
419 127700 1
368 127700 2
307 127700 3
332 127700 4
831 127700 5
1294 127700 6
1722 127700 7
1677 127700 8
1955 127700 9
2001 127700 10
2035 127700 11
2071 127700 12
2269 127700 13
2080 127700 14
1975 127700 15
2031 127700 16
2232 127700 17
2243 127700 18
1905 127700 19
1546 127700 20
1222 127700 21
1089 127700 22
726 127700 23
877 130850 0
800 130850 1
704 130850 2
667 130850 3
495 130850 4
1144 130850 5
1665 130850 6
1749 130850 7
1773 130850 8
2323 130850 9
2339 130850 10
2158 130850 11
2054 130850 12
2326 130850 13
2278 130850 14
2265 130850 15
2296 130850 16
2470 130850 17
2470 130850 18
2684 130850 19
2340 130850 20
1902 130850 21
1728 130850 22
1176 130850 23
496 135420 0
394 135420 1
367 135420 2
319 135420 3
316 135420 4
546 135420 5
1030 135420 6
1167 135420 7
909 135420 8
62 135420 9
73 135420 10
90 135420 11
92 135420 12
125 135420 13
137 135420 14
124 135420 15
109 135420 16
108 135420 17
1702 135420 18
1837 135420 19
1429 135420 20
1176 135420 21
1010 135420 22
656 135420 23
725 140900 0
674 140900 1
640 140900 2
593 140900 3
616 140900 4
762 140900 5
1045 140900 6
1266 140900 7
1468 140900 8
1766 140900 9
1834 140900 10
1746 140900 11
1697 140900 12
1875 140900 13
1997 140900 14
2147 140900 15
2180 140900 16
1853 140900 17
1652 140900 18
1582 140900 19
1279 140900 20
1101 140900 21
1041 140900 22
822 140900 23
582 148248 0
362 148248 1
288 148248 2
290 148248 3
366 148248 4
589 148248 5
1058 148248 6
1241 148248 7
1087 148248 8
100 148248 9
99 148248 10
103 148248 11
101 148248 12
113 148248 13
115 148248 14
139 148248 15
136 148248 16
116 148248 17
1639 148248 18
2227 148248 19
1764 148248 20
1443 148248 21
1221 148248 22
786 148248 23
216 151658 0
168 151658 1
160 151658 2
132 151658 3
172 151658 4
290 151658 5
558 151658 6
704 151658 7
945 151658 8
1220 151658 9
1221 151658 10
1120 151658 11
1095 151658 12
1310 151658 13
1433 151658 14
1462 151658 15
1478 151658 16
1120 151658 17
1085 151658 18
961 151658 19
816 151658 20
580 151658 21
539 151658 22
314 151658 23
