919.0	98.61	115600	4	1562.63	0.021851887715803233
1053.0	90.91	115600	5	1023.75	4.5130993227099975E-5
1075.0	89.4	115600	3	1504.0	0.009708178098629582
1123.0	80.38	115600	2	1028.0	4.7606950266588317E-4
1289.0	62.28	115600	1	849.38	0.010195016036289107
1316.0	106.16	115600	0	1828.13	0.013834870697149334
1595.0	92.73	115600	6	1494.25	5.354430184104115E-4
1664.0	96.2	115600	23	1844.0	0.0017091027020913706
1833.0	99.09	115600	8	1773.0	1.8990030023237502E-4
1850.0	98.99	115600	7	1905.0	1.5956900227859022E-4
1916.0	98.94	115600	9	1993.88	3.1990370498650864E-4
1943.0	97.79	115600	15	2153.13	0.0023290488814450313
1953.0	99.1	115600	10	2008.12	1.6029514014536512E-4
1958.0	97.47	115600	16	2110.0	0.0012187379268246618
2093.0	99.89	115600	17	1957.63	9.667186338509112E-4
2132.0	98.56	115600	14	2101.88	4.7871524903631096E-5
2153.0	99.8	115600	22	2092.38	1.9387716198854404E-4
2184.0	97.68	115600	18	2084.13	5.261829061139247E-4
2243.0	95.82	115600	13	2104.25	0.001015521527414533
2337.0	95.26	115600	12	1929.5	0.008759481036239521
2371.0	95.38	115600	11	1883.12	0.01255568117475069
2468.0	105.22	115600	21	2099.88	0.007148481125967412
2848.0	98.1	115600	20	2269.25	0.017668722856125862
3634.0	105.4	115600	19	2652.5	0.05081638402820314
0.1624320756957367	0.152%
