919.0	98.61	115600	4	1826.75	0.043466599517568844
1053.0	90.91	115600	5	1032.25	2.2712207783000128E-5
1075.0	89.4	115600	3	1608.75	0.015027921806019388
1123.0	80.38	115600	2	745.0	0.007537142916222945
1289.0	62.28	115600	1	838.0	0.010729419713212575
1316.0	106.16	115600	0	1847.5	0.014901489746755293
1595.0	92.73	115600	6	1349.75	0.0031727889380543123
1664.0	96.2	115600	23	1872.25	0.002287668913679552
1833.0	99.09	115600	8	1509.75	0.005511885886166589
1850.0	98.99	115600	7	1986.75	9.864562314622974E-4
1916.0	98.94	115600	9	2188.0	0.0039026621701089
1943.0	97.79	115600	15	2106.25	0.0014058193944754562
1953.0	99.1	115600	10	1829.5	8.045574595053445E-4
1958.0	97.47	115600	16	2132.25	0.0016016540790900979
2093.0	99.89	115600	17	2035.25	1.7592482501214851E-4
2132.0	98.56	115600	14	2158.25	3.6348104341353244E-5
2153.0	99.8	115600	22	2081.75	2.677890952495611E-4
2184.0	97.68	115600	18	2097.25	3.969740494909708E-4
2243.0	95.82	115600	13	1897.75	0.006287681362699234
2337.0	95.26	115600	12	1706.75	0.02095312767376984
2371.0	95.38	115600	11	1837.5	0.01501384742439278
2468.0	105.22	115600	21	2290.75	0.0016572790420331604
2848.0	98.1	115600	20	2309.0	0.015325006978836058
3634.0	105.4	115600	19	2360.5	0.0855502039423724
0.2570229614783021	0.2031%
