560.0	69.0	117210	2	637.0	3.1275524446604215E-4
595.0	92.94	117210	1	1348.6	0.029957456002737946
702.0	104.63	126180	4	1236.8	0.015087106212714923
748.0	79.44	110410	3	1592.2	0.037593593945472015
779.0	70.74	087600	3	820.6	9.1287184325038E-5
786.0	85.46	117210	23	972.6	0.0018367346938775546
802.0	73.92	087600	2	899.4	5.004273811756889E-4
815.0	74.92	087600	0	1342.8	0.014694740542384796
846.0	90.63	110410	4	1023.4	0.0016600852145947228
858.0	61.6	087600	4	845.4	8.374603240248005E-6
866.0	89.88	117210	5	865.0	5.275008339787898E-8
904.0	94.69	087600	23	1379.2	0.011911762192496027
1008.0	96.33	126180	5	1276.4	0.0038000400478633185
1038.0	94.39	117210	22	1320.2	0.004200849951543776
1052.0	94.57	126180	9	1325.2	0.0039371733846711235
1076.0	90.53	126180	10	2141.8	0.05992038324412589
1087.0	98.11	126180	8	1598.0	0.013774154526938292
1127.0	83.49	087600	22	1447.4	0.0054151210013062955
1149.0	93.27	117210	16	1736.2	0.018188431315909918
1166.0	98.07	126180	13	1437.6	0.0038911921919748565
1176.0	80.97	087600	5	1033.6	0.001069653531122237
1184.0	94.88	117210	17	1592.8	0.00881545889724051
1185.0	91.81	087600	10	1654.2	0.011612859119930265
1225.0	98.21	126180	7	1561.8	0.005983665620175341
1226.0	82.7	117210	21	1942.8	0.027103111010018516
1226.0	96.13	126180	14	1534.6	0.005023599332310548
1259.0	93.44	126180	15	1351.4	4.503675520311016E-4
1273.0	91.95	087600	9	1427.4	0.0012575282281521278
1274.0	95.35	117210	6	1560.6	0.004332868640265313
1294.0	97.09	126180	11	1724.2	0.009762565544616122
1295.0	99.22	110410	10	1605.2	0.0050758261348811205
1314.0	107.04	126180	23	1674.4	0.006851611272397418
1323.0	98.51	110410	9	1568.8	0.0031870355487032035
1331.0	90.19	087600	14	2210.0	0.04075687718662282
1338.0	99.34	110410	8	1597.4	0.003549466601706694
1339.0	92.25	126180	16	1533.2	0.001989397655237694
1358.0	97.65	126180	12	1662.4	0.0048877889675943646
1378.0	94.26	117210	15	1547.8	0.0015208925145310688
1382.0	80.38	087600	21	1739.2	0.006730480200889191
1383.0	91.71	087600	13	1866.2	0.01231620763192428
1419.0	86.51	110410	23	919.2	0.01317697294279423
1433.0	93.04	110410	5	1421.8	6.6169704614301104E-6
1442.0	97.98	126180	6	1494.4	1.4483906899056712E-4
1448.0	92.27	110410	13	1957.0	0.013666544356806642
1448.0	93.87	117210	14	1542.4	4.7007498318854974E-4
1461.0	95.17	110410	14	1650.4	0.0018922699816788426
1474.0	90.94	087600	15	1645.8	0.0015569313715085007
1479.0	94.92	087600	8	1675.6	0.00203887301345824
1487.0	92.38	117210	13	1726.2	0.0030181825317465863
1506.0	97.41	117210	19	1610.8	5.793562759622712E-4
1512.0	94.73	117210	10	1449.2	2.0803788890790448E-4
1515.0	90.45	087600	6	1369.0	0.0011244207777092478
1526.0	97.75	110410	7	1594.0	2.439163856318045E-4
1535.0	97.29	126180	17	1589.0	1.5381924318822197E-4
1536.0	101.47	117210	20	2052.4	0.014066809879626432
1540.0	95.95	110410	16	1648.6	6.221323735912828E-4
1550.0	95.5	110410	15	1834.2	0.004260605246016902
1575.0	91.73	087600	16	1647.0	2.734564323346175E-4
1577.0	100.56	110410	17	2202.0	0.020605501327297583
1578.0	92.61	087600	11	1517.4	1.9371729626704612E-4
1581.0	94.93	117210	12	1702.4	7.774286191146468E-4
1583.0	94.8	117210	11	1743.6	0.0013605491410281887
1610.0	92.67	087600	12	1513.6	4.90204415013181E-4
1635.0	92.82	110410	11	1779.8	0.0011060131086067287
1642.0	76.94	087600	19	1302.0	0.0060979096407951395
1644.0	94.75	087600	7	1564.6	3.325555157702699E-4
1655.0	75.29	087600	20	1380.6	0.003971836519473539
1676.0	102.58	126180	18	2112.0	0.010027579853603747
1686.0	97.27	117210	7	1499.4	0.0018367346938775475
1700.0	97.93	117210	8	1710.2	5.4881186767156145E-6
1744.0	90.92	110410	12	1806.8	2.0803788890790288E-4
1750.0	98.02	117210	9	1760.0	5.2750083397881525E-6
1788.0	98.3	117210	18	1903.4	7.024813006229353E-4
1844.0	94.25	087600	17	2096.4	0.0033604841529254505
1887.0	95.08	110410	6	1706.8	0.0017129028180993499
1895.0	96.86	110410	18	1931.0	6.836410808365574E-5
1903.0	91.81	087600	18	1802.2	5.359746073758543E-4
1946.0	85.36	110410	22	1279.0	0.023467931852800248
2098.0	84.95	126180	21	1968.6	8.832663864441573E-4
2379.0	85.94	110410	21	1801.2	0.017610765152619716
2508.0	92.81	126180	20	1349.2	0.0708337319481302
2850.0	87.55	110410	20	1990.6	0.038959542585036804
3216.0	101.28	126180	19	2419.2	0.033490513108501235
3453.0	101.79	110410	19	2691.0	0.03062901942447969
0.7158366511377454	0.2369%
