16	0.0,0.0,0.0,0.0,99.77,90.11,95.66,95.74,98.58,99.14,96.7,94.86,96.17,96.08,97.43,97.76,97.65,98.93,100.69,101.7,97.39,90.7,102.73,102.78	1192.0,970.0,959.0,737.0,498.0,1051.0,1717.0,1777.0,1767.0,2322.0,2344.0,2114.0,2038.0,2213.0,2276.0,2204.0,2077.0,2241.0,2155.0,2249.0,2285.0,1829.0,1558.0,1175.0
15	91.2,83.55,0.0,0.0,103.17,92.05,98.94,92.9,95.83,93.99,91.17,94.1,94.66,92.52,93.89,92.95,96.53,100.26,102.11,92.77,92.77,88.81,86.54,85.28	562.0,440.0,430.0,302.0,316.0,775.0,1331.0,1696.0,1763.0,2016.0,2059.0,2089.0,2017.0,2154.0,2066.0,1984.0,2068.0,2004.0,1925.0,1529.0,1501.0,1162.0,971.0,713.0
14	0.0,79.88,0.0,77.19,99.28,94.51,101.25,97.42,99.15,93.26,89.16,97.75,98.82,93.88,93.19,94.15,95.84,98.57,104.88,104.22,0.0,115.51,81.09,0.0	1064.0,865.0,827.0,674.0,700.0,1002.0,1635.0,1299.0,1206.0,1089.0,1171.0,1372.0,1401.0,1244.0,1165.0,1275.0,1434.0,1872.0,2168.0,2668.0,2533.0,1954.0,1677.0,1263.0
12	0.0,92.94,69.0,0.0,0.0,89.88,95.35,97.27,97.93,98.02,94.73,94.8,94.93,92.38,93.87,94.26,93.27,94.88,98.3,97.41,101.47,82.7,94.39,85.46	689.0,595.0,560.0,477.0,423.0,866.0,1274.0,1686.0,1700.0,1750.0,1512.0,1583.0,1581.0,1487.0,1448.0,1378.0,1149.0,1184.0,1788.0,1506.0,1536.0,1226.0,1038.0,786.0
11	104.97,95.54,78.52,0.0,85.71,91.91,95.13,99.55,99.45,99.79,98.84,96.85,96.74,94.54,97.54,99.74,98.1,99.84,103.96,103.53,86.69,98.63,98.22,92.39	1416.0,1210.0,1171.0,1062.0,865.0,1103.0,1668.0,1905.0,2034.0,2023.0,2084.0,2358.0,2368.0,2500.0,2191.0,2065.0,1965.0,2270.0,2264.0,3094.0,2913.0,2389.0,1969.0,1553.0
9	0.0,0.0,0.0,0.0,85.23,83.37,89.11,90.0,92.25,91.16,88.53,88.33,88.06,86.8,89.3,89.32,89.76,91.93,92.11,89.37,81.12,79.83,82.16,89.08	1371.0,1073.0,905.0,818.0,609.0,1366.0,2220.0,2420.0,2516.0,3196.0,3129.0,2807.0,2848.0,3330.0,3313.0,3231.0,3303.0,3256.0,3201.0,3584.0,3520.0,2889.0,2371.0,1647.0
8	81.36,80.67,80.49,80.1,80.08,81.89,86.42,90.02,92.34,92.64,90.96,91.87,92.54,93.14,92.71,94.2,93.76,92.85,92.4,90.15,90.52,89.27,87.03,83.77	776.0,711.0,626.0,591.0,629.0,827.0,1274.0,1588.0,1842.0,2284.0,2374.0,2126.0,2016.0,2394.0,2436.0,2490.0,2550.0,2231.0,1682.0,1678.0,1601.0,1374.0,1121.0,853.0
7	69.54,65.71,70.79,66.77,64.69,70.33,70.7,71.18,71.17,70.77,70.37,71.28,71.08,72.91,72.59,68.52,67.41,69.3,70.97,68.33,69.0,64.76,0.0,62.73	556.0,503.0,501.0,466.0,521.0,724.0,995.0,1306.0,1471.0,1595.0,1574.0,1694.0,1619.0,1740.0,1730.0,1872.0,1912.0,1818.0,1440.0,1298.0,1243.0,1099.0,823.0,633.0
4	74.92,0.0,73.92,70.74,61.6,80.97,90.45,94.75,94.92,91.95,91.81,92.61,92.67,91.71,90.19,90.94,91.73,94.25,91.81,76.94,75.29,80.38,83.49,94.69	815.0,815.0,802.0,779.0,858.0,1176.0,1515.0,1644.0,1479.0,1273.0,1185.0,1578.0,1610.0,1383.0,1331.0,1474.0,1575.0,1844.0,1903.0,1642.0,1655.0,1382.0,1127.0,904.0
2	86.55,85.54,83.52,83.93,92.87,87.5,91.65,95.28,95.05,92.66,91.95,92.13,92.51,91.76,91.65,91.05,90.84,88.63,92.01,88.25,89.05,90.67,91.85,87.57	675.0,591.0,546.0,564.0,572.0,981.0,1223.0,1500.0,1802.0,2130.0,2176.0,2259.0,2117.0,2369.0,2422.0,2607.0,2025.0,1385.0,1409.0,1317.0,1375.0,1253.0,1109.0,817.0
16	110.1,0.0,0.0,0.0,98.13,90.44,95.09,97.66,97.83,99.09,98.23,97.86,94.83,96.66,97.65,96.4,97.71,99.0,100.14,100.09,102.69,82.85,97.96,118.12	877.0,800.0,704.0,667.0,495.0,1144.0,1665.0,1749.0,1773.0,2323.0,2339.0,2158.0,2054.0,2326.0,2278.0,2265.0,2296.0,2470.0,2470.0,2684.0,2340.0,1902.0,1728.0,1176.0
15	0.0,0.0,99.49,98.6,103.26,90.24,97.46,94.64,94.43,92.92,90.48,92.66,91.17,90.49,92.16,90.3,93.46,97.48,98.46,92.08,80.04,83.61,0.0,114.0	519.0,419.0,368.0,307.0,332.0,831.0,1294.0,1722.0,1677.0,1955.0,2001.0,2035.0,2071.0,2269.0,2080.0,1975.0,2031.0,2232.0,2243.0,1905.0,1546.0,1222.0,1089.0,726.0
14	0.0,0.0,0.0,0.0,104.63,96.33,97.98,98.21,98.11,94.57,90.53,97.09,97.65,98.07,96.13,93.44,92.25,97.29,102.58,101.28,92.81,84.95,0.0,107.04	949.0,875.0,768.0,699.0,702.0,1008.0,1442.0,1225.0,1087.0,1052.0,1076.0,1294.0,1358.0,1166.0,1226.0,1259.0,1339.0,1535.0,1676.0,3216.0,2508.0,2098.0,1840.0,1314.0
12	109.36,0.0,68.32,69.83,90.05,88.92,93.98,98.04,97.52,98.07,95.89,94.78,93.86,93.25,94.46,94.89,91.79,96.74,95.85,99.03,95.4,108.43,85.99,87.53	616.0,605.0,525.0,499.0,432.0,867.0,1284.0,1697.0,1582.0,1732.0,1544.0,1543.0,1567.0,1436.0,1359.0,1331.0,1097.0,1170.0,1661.0,1873.0,1469.0,1278.0,1084.0,811.0
10	0.0,0.0,0.0,79.44,90.63,93.04,95.08,97.75,99.34,98.51,99.22,92.82,90.92,92.27,95.17,95.5,95.95,100.56,96.86,101.79,87.55,85.94,85.36,86.51	1056.0,946.0,818.0,748.0,846.0,1433.0,1887.0,1526.0,1338.0,1323.0,1295.0,1635.0,1744.0,1448.0,1461.0,1550.0,1540.0,1577.0,1895.0,3453.0,2850.0,2379.0,1946.0,1419.0
9	75.77,62.16,83.75,86.48,86.19,82.6,87.6,91.3,93.25,91.26,90.99,88.75,88.42,89.5,89.14,88.52,89.91,93.44,92.36,92.34,78.62,85.12,78.23,88.08	1267.0,1122.0,920.0,866.0,640.0,1409.0,2057.0,2370.0,2418.0,3018.0,3104.0,3201.0,3005.0,3135.0,3232.0,3341.0,3474.0,3598.0,3897.0,4354.0,3883.0,3088.0,2498.0,1732.0
8	81.23,82.09,79.11,78.95,80.59,81.84,84.77,89.74,93.5,91.46,92.92,92.0,91.67,93.76,92.48,92.05,91.09,94.38,95.38,92.99,93.06,90.33,90.36,86.02	738.0,696.0,649.0,558.0,599.0,871.0,1210.0,1578.0,1794.0,2109.0,2250.0,2091.0,2100.0,2479.0,2624.0,2816.0,2881.0,2561.0,2151.0,1940.0,1747.0,1423.0,1178.0,945.0
7	64.94,67.87,71.02,69.9,65.73,72.43,70.77,71.43,69.26,70.55,70.21,68.66,70.23,70.58,70.18,68.5,71.85,71.97,69.99,0.0,74.7,64.38,68.44,65.2	583.0,517.0,489.0,467.0,523.0,688.0,1024.0,1234.0,1463.0,1526.0,1558.0,1630.0,1680.0,1674.0,1703.0,1868.0,1863.0,1804.0,1731.0,1581.0,1545.0,1264.0,928.0,689.0
10	0.0,0.0,0.0,0.0,90.63,93.5,98.6,98.59,98.87,99.41,98.29,93.36,93.52,92.4,95.15,96.73,98.02,99.6,101.37,100.26,79.79,80.24,78.18,85.69	1134.0,950.0,874.0,792.0,830.0,1309.0,1985.0,1569.0,1461.0,1453.0,1376.0,1708.0,1742.0,1575.0,1499.0,1586.0,1656.0,1783.0,2568.0,2860.0,2754.0,2224.0,1834.0,1310.0
4	72.03,0.0,0.0,77.87,74.09,79.78,90.96,92.87,92.8,93.28,92.52,92.71,92.65,91.55,90.77,91.58,88.96,92.92,89.11,77.51,74.4,70.51,85.11,81.21	852.0,767.0,754.0,763.0,809.0,1152.0,1548.0,1684.0,1342.0,1140.0,1129.0,1514.0,1567.0,1293.0,1315.0,1466.0,1498.0,1499.0,1642.0,1940.0,1846.0,1522.0,1196.0,909.0
2	87.69,86.83,82.03,81.61,85.22,88.05,91.92,92.37,92.47,90.77,91.37,93.1,91.8,91.2,91.44,88.59,89.23,91.66,92.4,91.29,91.11,92.61,92.62,89.72	689.0,599.0,534.0,553.0,581.0,971.0,1075.0,1126.0,1183.0,1217.0,2207.0,2067.0,2291.0,2628.0,2717.0,2948.0,2928.0,2744.0,2480.0,2071.0,2057.0,1650.0,1157.0,847.0
