919.0	98.61	115600	4	1495.29	0.017518578288709025
1053.0	90.91	115600	5	1046.14	2.480330452014542E-6
1075.0	89.4	115600	3	1480.57	0.008676765406741624
1123.0	80.38	115600	2	758.71	0.007000151373361771
1289.0	62.28	115600	1	871.29	0.00920411014353488
1316.0	106.16	115600	0	1794.29	0.012066962669704718
1595.0	92.73	115600	6	1350.57	0.003151570957123477
1664.0	96.2	115600	23	1750.29	3.927362127526858E-4
1833.0	99.09	115600	8	1773.86	1.8451333253190512E-4
1850.0	98.99	115600	7	2002.14	0.0012210298641216766
1916.0	98.94	115600	9	1988.14	2.745426534396919E-4
1943.0	97.79	115600	15	2163.0	0.0025531040364574716
1953.0	99.1	115600	10	1970.71	1.655276086379196E-5
1958.0	97.47	115600	16	2130.14	0.001563151833587941
2093.0	99.89	115600	17	2012.0	3.460932971735036E-4
2132.0	98.56	115600	14	2130.0	2.110003335914649E-7
2153.0	99.8	115600	22	2050.0	5.596256347681309E-4
2184.0	97.68	115600	18	2045.0	0.0010191843613304747
2243.0	95.82	115600	13	2091.86	0.0012050315173997212
2337.0	95.26	115600	12	1914.0	0.009438519672299599
2371.0	95.38	115600	11	1853.71	0.014115105229246678
2468.0	105.22	115600	21	2104.86	0.006956297753008794
2848.0	98.1	115600	20	2256.57	0.018451333253190542
3634.0	105.4	115600	19	2622.86	0.053932206307634484
0.1698498578897682	0.16%
