560.0	69.0	117210	2	512.0	1.215361921487196E-4
595.0	92.94	117210	1	1501.5	0.04334697221906308
702.0	104.63	126180	4	1434.0	0.028264760686586635
748.0	79.44	110410	3	1656.0	0.04349054475855126
779.0	70.74	087600	3	1142.5	0.006969987207049772
786.0	85.46	117210	23	762.0	3.038404803717982E-5
802.0	73.92	087600	2	1327.5	0.014566948717845916
815.0	74.92	087600	0	1349.0	0.015042002781406388
846.0	90.63	110410	4	631.0	0.00243837260506709
858.0	61.6	087600	4	665.0	0.001964887856487702
866.0	89.88	117210	5	649.5	0.0024725150965463666
904.0	94.69	087600	23	1024.5	7.659443984580945E-4
1008.0	96.33	126180	5	1218.0	0.0023262786778465885
1038.0	94.39	117210	22	1221.5	0.0017762139956943297
1052.0	94.57	126180	9	1045.5	2.228691023560511E-6
1076.0	90.53	126180	10	1586.0	0.01372029669178907
1087.0	98.11	126180	8	1489.5	0.008545843198478101
1127.0	83.49	087600	22	1783.5	0.02273487713134074
1149.0	93.27	117210	16	1266.5	7.282808389120064E-4
1166.0	98.07	126180	13	1308.0	0.0010636526816348933
1176.0	80.97	087600	5	1030.5	0.0011167324530540095
1184.0	94.88	117210	17	1250.5	2.3327405630628345E-4
1185.0	91.81	087600	10	1652.5	0.011528860414628321
1225.0	98.21	126180	7	1498.0	0.003931410965560734
1226.0	82.7	117210	21	1590.0	0.006989175049885754
1226.0	96.13	126180	14	1299.5	2.84969138036209E-4
1259.0	93.44	126180	15	1182.0	3.127552444660411E-4
1273.0	91.95	087600	9	1303.0	4.7475075058093376E-5
1274.0	95.35	117210	6	1376.5	5.542055636989941E-4
1294.0	97.09	126180	11	1865.0	0.017198689941128786
1295.0	99.22	110410	10	1664.5	0.0072019820738336545
1314.0	107.04	126180	23	2418.0	0.06429264564667272
1323.0	98.51	110410	9	1511.0	0.0018643989476147351
1331.0	90.19	087600	14	1431.5	5.327890298394547E-4
1338.0	99.34	110410	8	1457.0	7.469939309974022E-4
1339.0	92.25	126180	16	1265.5	2.849691380362072E-4
1358.0	97.65	126180	12	1386.5	4.28462552399292E-5
1378.0	94.26	117210	15	1910.5	0.014957615835490646
1382.0	80.38	087600	21	1873.0	0.012717042855644756
1383.0	91.71	087600	13	1831.0	0.010587152738288485
1419.0	86.51	110410	23	1127.5	0.004482293274005669
1433.0	93.04	110410	5	1508.5	3.006886628887774E-4
1442.0	97.98	126180	6	1503.5	1.9951400293163757E-4
1448.0	92.27	110410	13	1864.5	0.009150675654718218
1448.0	93.87	117210	14	1463.0	1.1868768764523344E-5
1461.0	95.17	110410	14	1429.0	5.401608539943052E-5
1474.0	90.94	087600	15	1507.0	5.744484082029399E-5
1479.0	94.92	087600	8	1572.0	4.5623547130828015E-4
1487.0	92.38	117210	13	1505.5	1.8053716042925377E-5
1506.0	97.41	117210	19	1727.5	0.0025880377791877305
1512.0	94.73	117210	10	1543.5	5.234127025154803E-5
1515.0	90.45	087600	6	1431.5	3.677867689708814E-4
1526.0	97.75	110410	7	1659.0	9.330962252251304E-4
1535.0	97.29	126180	17	1585.5	1.3452590018544697E-4
1536.0	101.47	117210	20	1904.5	0.007163052512286024
1540.0	95.95	110410	16	1545.0	1.3187520849470381E-6
1550.0	95.5	110410	15	1542.5	2.9671921911309313E-6
1575.0	91.73	087600	16	1297.5	0.004062086109658139
1577.0	100.56	110410	17	1893.5	0.005284094541653479
1578.0	92.61	087600	11	1540.5	7.417980477827138E-5
1581.0	94.93	117210	12	1449.0	9.191174531246938E-4
1583.0	94.8	117210	11	1828.5	0.003179260713911192
1610.0	92.67	087600	12	1540.5	2.5479609033261954E-4
1635.0	92.82	110410	11	1611.0	3.0384048037179516E-5
1642.0	76.94	087600	19	1351.5	0.004451592725468099
1644.0	94.75	087600	7	1703.0	1.83623040308028E-4
1655.0	75.29	087600	20	1695.5	8.65233242933759E-5
1676.0	102.58	126180	18	2046.5	0.007241017135548091
1686.0	97.27	117210	7	1498.0	0.0018643989476147351
1700.0	97.93	117210	8	1677.5	2.6704729720178384E-5
1744.0	90.92	110410	12	1906.5	0.0013929318897253154
1750.0	98.02	117210	9	1714.5	6.647829260217992E-5
1788.0	98.3	117210	18	1952.0	0.0014187662430694282
1844.0	94.25	087600	17	2030.0	0.0018249418852331206
1887.0	95.08	110410	6	1825.0	2.0277132058145786E-4
1895.0	96.86	110410	18	2077.0	0.0017472937624714406
1903.0	91.81	087600	18	1525.5	0.007517216572219398
1946.0	85.36	110410	22	1515.0	0.009798908242073929
2098.0	84.95	126180	21	2521.0	0.009438519672299589
2379.0	85.94	110410	21	1767.0	0.019757227236176275
2508.0	92.81	126180	20	1624.0	0.04122186917177512
2850.0	87.55	110410	20	2833.5	1.4361210205072866E-5
3216.0	101.28	126180	19	2151.5	0.05977429769066464
3453.0	101.79	110410	19	2554.5	0.042585261014797676
0.616191052573054	0.2115%
