919.0	98.61	115600	4	1627.0	0.026441717804355853
1053.0	90.91	115600	5	1123.5	2.621811020083237E-4
1075.0	89.4	115600	3	2008.0	0.04591836734693877
1123.0	80.38	115600	2	898.5	0.0026586173907740917
1289.0	62.28	115600	1	1166.0	7.980560117265565E-4
1316.0	106.16	115600	0	1840.0	0.01448390689905682
1595.0	92.73	115600	6	1610.5	1.2673207536341313E-5
1664.0	96.2	115600	23	1960.5	0.004637378519195441
1833.0	99.09	115600	8	1620.0	0.0023932185336785045
1850.0	98.99	115600	7	1994.5	0.0011014349288686206
1916.0	98.94	115600	9	2053.5	9.973062642412063E-4
1943.0	97.79	115600	15	2134.5	0.0019344642458879661
1953.0	99.1	115600	10	1689.5	0.003662556978002586
1958.0	97.47	115600	16	2078.0	7.59601200929497E-4
2093.0	99.89	115600	17	2146.5	1.5098392620558625E-4
2132.0	98.56	115600	14	2290.0	0.0013168530819447273
2153.0	99.8	115600	22	1996.0	0.001300236805674385
2184.0	97.68	115600	18	2227.5	9.981634530964231E-5
2243.0	95.82	115600	13	2356.5	6.795397618523619E-4
2337.0	95.26	115600	12	2018.0	0.005367901236651851
2371.0	95.38	115600	11	1784.0	0.018176043486324758
2468.0	105.22	115600	21	1902.5	0.01686896235732948
2848.0	98.1	115600	20	2439.0	0.008824086700881088
3634.0	105.4	115600	19	2255.0	0.10031172134283141
0.25915762547820587	0.1886%
