919.0	98.61	115600	4	1627.83	0.026503999534767685
1053.0	90.91	115600	5	961.67	4.4002947346437424E-4
1075.0	89.4	115600	3	1633.33	0.016444105859242466
1123.0	80.38	115600	2	741.0	0.00769750316975251
1289.0	62.28	115600	1	898.0	0.00806448549995158
1316.0	106.16	115600	0	1756.17	0.01022015429000838
1595.0	92.73	115600	6	1317.67	0.00405720819222393
1664.0	96.2	115600	23	1891.33	0.0027261477544840425
1833.0	99.09	115600	8	1752.0	3.4609329717350565E-4
1850.0	98.99	115600	7	2007.67	0.0013113026009471834
1916.0	98.94	115600	9	2077.33	0.0013730026151615796
1943.0	97.79	115600	15	2130.5	0.0018544951194567748
1953.0	99.1	115600	10	1962.0	4.272756755228541E-6
1958.0	97.47	115600	16	2090.5	9.26093651654066E-4
2093.0	99.89	115600	17	2008.33	3.781360422775297E-4
2132.0	98.56	115600	14	2105.33	3.751117041627063E-5
2153.0	99.8	115600	22	2044.33	6.228964292436974E-4
2184.0	97.68	115600	18	2070.0	6.85540083838873E-4
2243.0	95.82	115600	13	2047.5	0.002016121374987885
2337.0	95.26	115600	12	1816.33	0.014300219386424614
2371.0	95.38	115600	11	1746.0	0.020605501327297597
2468.0	105.22	115600	21	2118.5	0.006443435874572134
2848.0	98.1	115600	20	2285.33	0.01670034818102827
3634.0	105.4	115600	19	2524.0	0.06499337775453022
0.2087519814396604	0.1843%
