0.13573725310059714	0.018396876435461642	0,0,0,0,0,0,0,1,0,0,0,0,0,0,0,0,0,0,0,0	0,0,0,1,0,0,0,0,0,0,0,0,0,0,0,0,0,0,0,0,0,0,0,0	0.1458429030776298	1.0212416145829987E-4
0.14377583830960036	0.01848644924207625	0,0,0,0,0,0,0,1,0,0,0,0,0,0,0,0,0,0,0,0	0,0,1,0,0,0,0,0,0,0,0,0,0,0,0,0,0,0,0,0,0,0,0,0	0.18151890981472973	0.0014245394466413088
0.1444648598989435	0.018392282958199356	0,0,0,0,0,0,0,1,0,0,0,0,0,0,0,0,0,0,0,0	0,0,0,0,1,0,0,0,0,0,0,0,0,0,0,0,0,0,0,0,0,0,0,0	0.13826366559485528	3.8454810797056184E-5
0.14699127239320164	0.019795590261828203	0,0,0,0,0,0,0,0,1,0,0,0,0,0,0,0,0,0,0,0	0,0,0,0,1,0,0,0,0,0,0,0,0,0,0,0,0,0,0,0,0,0,0,0	0.36778441280048996	0.048749610850912534
0.16329811667432245	0.01852779053743684	0,0,0,0,0,0,0,1,0,0,0,0,0,0,0,0,0,0,0,0	0,1,0,0,0,0,0,0,0,0,0,0,0,0,0,0,0,0,0,0,0,0,0,0	0.15564232123717656	5.8611203775423915E-5
0.178226917776757	0.01868626550298576	0,0,0,0,0,0,0,1,0,0,0,0,0,0,0,0,0,0,0,0	1,0,0,0,0,0,0,0,0,0,0,0,0,0,0,0,0,0,0,0,0,0,0,0	0.17646608482621343	3.1005326797200033E-6
0.18994028479559028	0.01880799265043638	0,0,0,0,0,0,0,1,0,0,0,0,0,0,0,0,0,0,0,0	0,0,0,0,0,1,0,0,0,0,0,0,0,0,0,0,0,0,0,0,0,0,0,0	0.17646608482621343	1.8155406481475507E-4
0.19591180523656407	0.019239779513091408	0,0,0,0,0,0,0,1,0,0,0,0,0,0,0,0,0,0,0,0	0,0,0,0,0,0,0,0,0,0,0,0,0,0,0,0,0,0,0,0,0,0,0,1	0.21956821313734495	5.596256347681283E-4
0.19889756545705098	0.019862195682131375	0,0,0,0,0,0,0,0,1,0,0,0,0,0,0,0,0,0,0,0	0,0,0,1,0,0,0,0,0,0,0,0,0,0,0,0,0,0,0,0,0,0,0,0	0.5195988363190936	0.10284930513252928
0.21129995406522736	0.019235186035829122	0,0,0,0,0,0,0,0,1,0,0,0,0,0,0,0,0,0,0,0	0,0,1,0,0,0,0,0,0,0,0,0,0,0,0,0,0,0,0,0,0,0,0,0	0.19300260297044866	3.347930570855994E-4
0.2574644005512173	0.01998851630684428	0,0,0,0,0,0,0,1,0,0,0,0,0,0,0,0,0,0,0,0	0,0,0,0,0,0,0,0,0,0,0,0,0,0,0,0,0,0,0,0,0,0,1,0	0.23687031082529475	4.2411653163934777E-4
0.2576940744143317	0.01427652733118971	0,0,0,0,0,0,0,0,1,0,0,0,0,0,0,0,0,0,0,0	0,1,0,0,0,0,0,0,0,0,0,0,0,0,0,0,0,0,0,0,0,0,0,0	0.17677231664369927	0.006548330880688905
0.2909967845659164	0.01740238860817639	0,0,0,0,0,0,0,0,1,0,0,0,0,0,0,0,0,0,0,0	1,0,0,0,0,0,0,0,0,0,0,0,0,0,0,0,0,0,0,0,0,0,0,0	0.3487980401163681	0.0033409851432086276
0.29260450160771706	0.01984841525034451	0,0,0,0,0,0,0,1,0,0,0,0,0,0,0,0,0,0,0,0	0,0,0,0,0,0,1,0,0,0,0,0,0,0,0,0,0,0,0,0,0,0,0,0	0.33494105037513394	0.001792383361535868
0.3155718879191548	0.020502985760220485	0,0,0,0,0,0,0,1,0,0,0,0,0,0,0,0,0,0,0,0	0,0,0,0,0,0,0,0,0,0,0,0,0,0,0,0,0,0,0,0,0,1,0,0	0.31871076404838466	9.85254335464904E-6
0.323610473128158	0.018971061093247588	0,0,0,0,0,0,0,0,1,0,0,0,0,0,0,0,0,0,0,0	0,0,0,0,0,1,0,0,0,0,0,0,0,0,0,0,0,0,0,0,0,0,0,0	0.35277905374368396	8.508060951244369E-4
0.3647220946256316	0.02067524115755627	0,0,0,0,0,0,0,1,0,0,0,0,0,0,0,0,0,0,0,0	0,0,0,0,0,0,0,1,0,0,0,0,0,0,0,0,0,0,0,0,0,0,0,0	0.4150206706476803	0.0025299467498458104
0.3677078548461185	0.02079007808911346	0,0,0,0,0,0,0,1,0,0,0,0,0,0,0,0,0,0,0,0	0,0,0,0,0,0,0,0,0,0,0,0,0,0,0,0,0,0,0,0,1,0,0,0	0.33287398560710457	0.0012133984461607213
0.3853927423059256	0.02070509875976114	0,0,0,0,0,0,0,1,0,0,0,0,0,0,0,0,0,0,0,0	0,0,0,0,0,0,0,0,0,0,0,0,0,0,0,0,0,0,0,1,0,0,0,0	0.3476496708007962	0.0014245394466413108
0.3863114377583831	0.02122186495176849	0,0,0,0,0,0,0,1,0,0,0,0,0,0,0,0,0,0,0,0	0,0,0,0,0,0,0,0,0,0,0,0,0,0,0,0,0,0,1,0,0,0,0,0	0.5554279589649365	0.028600397745006608
0.39779513091410196	0.02022967386311438	0,0,0,0,0,0,0,0,1,0,0,0,0,0,0,0,0,0,0,0	0,0,0,0,0,0,0,0,0,0,0,0,0,0,0,0,0,0,0,0,0,0,0,1	0.5590261828203951	0.025995452098809782
0.4230592558566835	0.021208084519981626	0,0,0,0,0,0,0,1,0,0,0,0,0,0,0,0,0,0,0,0	0,0,0,0,0,0,0,0,1,0,0,0,0,0,0,0,0,0,0,0,0,0,0,0	0.42053284336242536	6.3827600911437765E-6
0.4630225080385852	0.021254019292604502	0,0,0,0,0,0,0,1,0,0,0,0,0,0,0,0,0,0,0,0	0,0,0,0,0,0,0,0,0,0,0,0,1,0,0,0,0,0,0,0,0,0,0,0	0.5237329658551524	0.003685759688297185
0.47243913642627466	0.020119430408819475	0,0,0,0,0,0,0,0,1,0,0,0,0,0,0,0,0,0,0,0	0,0,0,0,0,0,1,0,0,0,0,0,0,0,0,0,0,0,0,0,0,0,0,0	0.6028938906752411	0.017018442906158233
0.48828663298116676	0.02110013780431787	0,0,0,0,0,0,0,1,0,0,0,0,0,0,0,0,0,0,0,0	0,0,0,0,0,0,0,0,0,0,0,1,0,0,0,0,0,0,0,0,0,0,0,0	0.5364415862808146	0.0023188995272912663
0.5124023886081764	0.021325218190169956	0,0,0,0,0,0,0,1,0,0,0,0,0,0,0,0,0,0,0,0	0,0,0,0,0,0,0,0,0,0,0,0,0,0,0,0,0,1,0,0,0,0,0,0	0.4830806920839075	8.597618870613237E-4
0.5245751033532384	0.02127698667891594	0,0,0,0,0,0,0,1,0,0,0,0,0,0,0,0,0,0,0,0	0,0,0,0,0,0,0,0,0,1,0,0,0,0,0,0,0,0,0,0,0,0,0,0	0.5254172408513245	7.091955656826108E-7
0.5443270555810749	0.020969223702342672	0,0,0,0,0,0,0,0,1,0,0,0,0,0,0,0,0,0,0,0	0,0,0,0,0,0,0,1,0,0,0,0,0,0,0,0,0,0,0,0,0,0,0,0	0.6792221711835861	0.018196692213414866
0.5452457510335323	0.020891134588883784	0,0,0,0,0,0,0,1,0,0,0,0,0,0,0,0,0,0,0,0	0,0,0,0,0,0,0,0,0,0,1,0,0,0,0,0,0,0,0,0,0,0,0,0	0.5504516919307916	2.7101820625756252E-5
0.5498392282958199	0.021391823610473128	0,0,0,0,0,0,0,1,0,0,0,0,0,0,0,0,0,0,0,0	0,0,0,0,0,0,0,0,0,0,0,0,0,1,0,0,0,0,0,0,0,0,0,0	0.43347113765120193	0.01354153252027402
0.555351401010565	0.02141708773541571	0,0,0,0,0,0,0,0,1,0,0,0,0,0,0,0,0,0,0,0	0,0,0,0,0,0,0,0,1,0,0,0,0,0,0,0,0,0,0,0,0,0,0,0	0.4327055581074874	0.015042002781406395
0.5594855305466238	0.021293063849333944	0,0,0,0,0,0,0,1,0,0,0,0,0,0,0,0,0,0,0,0	0,0,0,0,0,0,0,0,0,0,0,0,0,0,1,0,0,0,0,0,0,0,0,0	0.5216659010871229	0.0014303243724539485
0.5718879191548002	0.02163527790537437	0,0,0,0,0,0,0,1,0,0,0,0,0,0,0,0,0,0,0,0	0,0,0,0,0,0,0,0,0,0,0,0,0,0,0,1,0,0,0,0,0,0,0,0	0.41869545245751033	0.023467931852800265
0.5737253100597152	0.01796738631143776	0,0,0,0,0,0,0,0,1,0,0,0,0,0,0,0,0,0,0,0	0,0,0,0,0,0,0,0,0,0,0,0,0,0,0,0,0,0,0,0,0,0,1,0	0.5431021283111316	9.377792604067826E-4
0.5856683509416628	0.021534221405604043	0,0,0,0,0,0,0,1,0,0,0,0,0,0,0,0,0,0,0,0	0,0,0,0,0,0,0,0,0,0,0,0,0,0,0,0,1,0,0,0,0,0,0,0	0.5476956055734191	0.0014419293908014723
0.6901699586587047	0.020307762976573267	0,0,0,0,0,0,0,0,1,0,0,0,0,0,0,0,0,0,0,0	0,0,0,0,0,0,0,0,0,0,0,0,1,0,0,0,0,0,0,0,0,0,0,0	0.6724850711988976	3.127552444660431E-4
0.6931557188791916	0.0209600367478181	0,0,0,0,0,0,0,0,1,0,0,0,0,0,0,0,0,0,0,0	0,0,0,0,0,0,0,0,0,1,0,0,0,0,0,0,0,0,0,0,0,0,0,0	0.49931097841065686	0.03757578340731359
0.709232889297198	0.019549839228295823	0,0,0,0,0,0,0,0,1,0,0,0,0,0,0,0,0,0,0,0	0,0,0,0,0,0,0,0,0,0,0,0,0,0,0,0,0,0,0,0,0,1,0,0	0.4284183126626857	0.07885682645042036
0.712907671107028	0.020898024804777215	0,0,0,0,0,0,0,0,1,0,0,0,0,0,0,0,0,0,0,0	0,0,0,0,0,0,0,0,0,0,1,0,0,0,0,0,0,0,0,0,0,0,0,0	0.641861889450314	0.0050475030912134865
0.7200275608635738	0.020555810748736792	0,0,0,0,0,0,0,0,1,0,0,0,0,0,0,0,0,0,0,0	0,0,0,0,0,0,0,0,0,0,0,0,0,1,0,0,0,0,0,0,0,0,0,0	0.7766804470984535	0.003209549518742226
0.7351860358291227	0.02038355535140101	0,0,0,0,0,0,0,0,1,0,0,0,0,0,0,0,0,0,0,0	0,0,0,0,0,0,0,0,0,0,0,1,0,0,0,0,0,0,0,0,0,0,0,0	0.5805389679987751	0.023915715588524112
0.7423059255856683	0.020473128158015618	0,0,0,0,0,0,0,0,1,0,0,0,0,0,0,0,0,0,0,0	0,0,0,0,0,0,0,0,0,0,0,0,0,0,1,0,0,0,0,0,0,0,0,0	0.549686112387077	0.03710239243666022
0.7673403766651355	0.020330730362884703	0,0,0,0,0,0,0,0,1,0,0,0,0,0,0,0,0,0,0,0	0,0,0,0,0,0,0,0,0,0,0,0,0,0,0,1,0,0,0,0,0,0,0,0	0.7126014392895422	0.0029963512650091275
0.7978870004593477	0.02064997703261369	0,0,0,0,0,0,0,0,1,0,0,0,0,0,0,0,0,0,0,0	0,0,0,0,0,0,0,0,0,0,0,0,0,0,0,0,1,0,0,0,0,0,0,0	0.7125248813351708	0.007286691381370169
0.8263665594855305	0.02146072576940744	0,0,0,0,0,0,0,0,1,0,0,0,0,0,0,0,0,0,0,0	0,0,0,0,0,0,0,0,0,0,0,0,0,0,0,0,0,1,0,0,0,0,0,0	0.5052059408972592	0.10314414293200105
0.8918236104731282	0.018056959118052367	0,0,0,0,0,0,0,0,1,0,0,0,0,0,0,0,0,0,0,0	0,0,0,0,0,0,0,0,0,0,0,0,0,0,0,0,0,0,0,0,1,0,0,0	0.7015005359056806	0.036222872712806206
0.8950390445567294	0.021212677997243915	0,0,0,0,0,0,0,0,1,0,0,0,0,0,0,0,0,0,0,0	0,0,0,0,0,0,0,0,0,0,0,0,0,0,0,0,0,0,1,0,0,0,0,0	0.6275455519828511	0.0715527685693715
1.0	0.021208084519981626	0,0,0,0,0,0,0,0,1,0,0,0,0,0,0,0,0,0,0,0	0,0,0,0,0,0,0,0,0,0,0,0,0,0,0,0,0,0,0,1,0,0,0,0	0.7120655336089419	0.08290625693590338
0.815136787647928	48
