2	87.69,86.83,82.03,81.61,85.22,88.05,91.92,92.37,92.47,90.77,91.37,93.1,91.8,91.2,91.44,88.59,89.23,91.66,92.4,91.29,91.11,92.61,92.62,89.72
3	72.11,71.52,70.67,73.19,80.92,81.48,98.33,96.68,100.88,102.52,102.89,103.25,103.1,103.95,103.53,103.62,102.94,105.92,102.72,86.61,78.42,74.41,75.88,71.62
4	72.03,0.0,0.0,77.87,74.09,79.78,90.96,92.87,92.8,93.28,92.52,92.71,92.65,91.55,90.77,91.58,88.96,92.92,89.11,77.51,74.4,70.51,85.11,81.21
7	64.94,67.87,71.02,69.9,65.73,72.43,70.77,71.43,69.26,70.55,70.21,68.66,70.23,70.58,70.18,68.5,71.85,71.97,69.99,0.0,74.7,64.38,68.44,65.2
8	81.23,82.09,79.11,78.95,80.59,81.84,84.77,89.74,93.5,91.46,92.92,92.0,91.67,93.76,92.48,92.05,91.09,94.38,95.38,92.99,93.06,90.33,90.36,86.02
9	75.77,62.16,83.75,86.48,86.19,82.6,87.6,91.3,93.25,91.26,90.99,88.75,88.42,89.5,89.14,88.52,89.91,93.44,92.36,92.34,78.62,85.12,78.23,88.08
10	0.0,0.0,0.0,79.44,90.63,93.04,95.08,97.75,99.34,98.51,99.22,92.82,90.92,92.27,95.17,95.5,95.95,100.56,96.86,101.79,87.55,85.94,85.36,86.51
11	106.16,62.28,80.38,89.4,98.61,90.91,92.73,98.99,99.09,98.94,99.1,95.38,95.26,95.82,98.56,97.79,97.47,99.89,97.68,105.4,98.1,105.22,99.8,96.2
12	109.36,0.0,68.32,69.83,90.05,88.92,93.98,98.04,97.52,98.07,95.89,94.78,93.86,93.25,94.46,94.89,91.79,96.74,95.85,99.03,95.4,108.43,85.99,87.53
13	87.92,84.87,82.98,81.35,86.29,86.19,91.87,93.44,93.48,93.28,92.03,92.55,92.51,92.28,93.27,93.91,91.22,94.46,93.89,98.97,99.9,97.7,95.35,93.29
14	0.0,0.0,0.0,0.0,104.63,96.33,97.98,98.21,98.11,94.57,90.53,97.09,97.65,98.07,96.13,93.44,92.25,97.29,102.58,101.28,92.81,84.95,0.0,107.04
15	0.0,0.0,99.49,98.6,103.26,90.24,97.46,94.64,94.43,92.92,90.48,92.66,91.17,90.49,92.16,90.3,93.46,97.48,98.46,92.08,80.04,83.61,0.0,114.0
16	110.1,0.0,0.0,0.0,98.13,90.44,95.09,97.66,97.83,99.09,98.23,97.86,94.83,96.66,97.65,96.4,97.71,99.0,100.14,100.09,102.69,82.85,97.96,118.12
17	0.0,0.0,0.0,0.0,96.38,93.75,100.67,100.28,98.98,0.0,92.95,88.88,87.98,78.49,65.81,94.55,108.24,92.47,102.73,107.79,0.0,0.0,0.0,0.0
20	0.0,0.0,0.0,0.0,95.36,98.83,101.67,104.11,105.79,0.0,0.0,0.0,0.0,0.0,0.0,0.0,0.0,0.0,104.5,102.91,0.0,0.0,0.0,89.61
