1	116.37209302325586
1	112.44943820224724
1	112.44943820224724
1	119.14285714285718
1	119.14285714285718
1	108.78260869565221
1	117.74117647058829
1	116.37209302325586
1	117.74117647058829
1	117.74117647058829
1	106.46808510638301
1	115.03448275862073
1	115.03448275862073
2	76.39694656488552
1	109.97802197802201
1	115.03448275862073
1	108.78260869565221
3	111.20000000000005
3	93.53271028037386
3	88.56637168141596
3	89.35714285714289
1	115.03448275862073
3	96.23076923076927
2	60.65454545454548
3	91.81651376146793
3	97.16504854368935
1	115.03448275862073
1	111.20000000000005
2	65.84210526315792
2	61.398773006134995
2	63.74522292993633
2	103.1752577319588
1	108.78260869565221
3	106.46808510638301
1	109.97802197802201
2	63.34177215189876
2	60.28915662650605
3	107.61290322580649
2	64.5677419354839
2	63.34177215189876
2	61.398773006134995
3	95.31428571428575
2	61.398773006134995
1	105.34736842105266
2	60.65454545454548
1	108.78260869565221
3	87.02608695652177
3	78.18750000000003
1	108.78260869565221
1	119.14285714285718
1	67.62162162162164
1	95.31428571428575
2	66.72000000000003
2	98.11764705882356
2	102.12244897959188
2	82.71074380165292
2	90.16216216216219
2	82.03278688524593
2	98.11764705882356
2	67.62162162162164
1	108.78260869565221
3	78.80314960629924
3	108.78260869565221
2	63.74522292993633
1	106.46808510638301
3	104.25000000000004
3	106.46808510638301
1	108.78260869565221
1	109.97802197802201
3	104.25000000000004
1	102.12244897959188
1	111.20000000000005
2	63.34177215189876
3	102.12244897959188
2	61.7777777777778
2	61.02439024390246
2	60.65454545454548
2	66.27814569536426
3	116.37209302325586
3	98.11764705882356
1	117.74117647058829
1	119.14285714285718
1	82.03278688524593
2	65.84210526315792
3	113.72727272727278
2	61.398773006134995
2	65.84210526315792
2	60.28915662650605
3	113.72727272727278
2	61.7777777777778
2	62.550000000000026
2	61.02439024390246
2	62.94339622641512
2	60.28915662650605
2	62.161490683229836
1	102.12244897959188
2	60.65454545454548
2	62.94339622641512
3	107.61290322580649
3	104.25000000000004
2	65.41176470588238
3	108.78260869565221
3	108.78260869565221
3	106.46808510638301
2	62.550000000000026
2	64.5677419354839
2	62.161490683229836
2	62.550000000000026
2	99.08910891089113
2	61.7777777777778
2	70.97872340425535
2	66.27814569536426
2	60.28915662650605
1	75.2481203007519
2	61.7777777777778
2	61.02439024390246
2	61.398773006134995
1	66.27814569536426
2	62.161490683229836
2	61.7777777777778
2	66.72000000000003
2	61.02439024390246
2	64.98701298701302
2	64.5677419354839
2	61.02439024390246
2	61.02439024390246
1	116.37209302325586
2	68.08163265306125
1	95.31428571428575
1	89.35714285714289
1	88.56637168141596
1	89.35714285714289
1	85.53846153846158
1	90.16216216216219
1	92.6666666666667
1	86.27586206896555
1	83.40000000000003
1	116.37209302325586
1	117.74117647058829
2	62.161490683229836
1	105.34736842105266
2	62.161490683229836
1	108.78260869565221
2	60.28915662650605
1	92.6666666666667
1	84.81355932203392
1	83.40000000000003
1	113.72727272727278
1	115.03448275862073
2	61.02439024390246
1	116.37209302325586
2	61.02439024390246
2	60.65454545454548
2	61.02439024390246
2	111.20000000000005
2	75.2481203007519
2	77.58139534883723
1	76.39694656488552
2	76.39694656488552
2	79.42857142857146
2	84.81355932203392
2	81.36585365853662
2	83.40000000000003
2	84.10084033613448
2	92.6666666666667
2	84.81355932203392
2	80.70967741935488
2	103.1752577319588
2	94.41509433962268
2	104.25000000000004
2	97.16504854368935
2	109.97802197802201
2	99.08910891089113
2	92.6666666666667
2	104.25000000000004
2	112.44943820224724
2	102.12244897959188
2	101.09090909090912
3	62.161490683229836
2	87.78947368421056
2	71.48571428571431
1	79.42857142857146
2	106.46808510638301
2	78.18750000000003
1	109.97802197802201
3	99.08910891089113
2	75.2481203007519
1	80.70967741935488
2	104.25000000000004
2	90.16216216216219
3	100.08000000000004
2	82.71074380165292
2	116.37209302325586
2	66.27814569536426
2	65.84210526315792
2	69.02068965517243
2	69.50000000000003
2	80.06400000000004
2	99.08910891089113
2	116.37209302325586
2	69.50000000000003
2	68.08163265306125
2	67.16778523489936
1	95.31428571428575
2	100.08000000000004
2	83.40000000000003
2	77.58139534883723
2	98.11764705882356
1	103.1752577319588
2	88.56637168141596
2	76.98461538461541
3	71.48571428571431
2	61.02439024390246
2	64.5677419354839
2	80.06400000000004
2	95.31428571428575
1	74.13333333333335
1	79.42857142857146
2	70.97872340425535
2	68.54794520547948
2	65.41176470588238
1	98.11764705882356
3	112.44943820224724
3	103.1752577319588
2	62.94339622641512
3	67.16778523489936
2	69.02068965517243
1	62.161490683229836
3	102.12244897959188
1	103.1752577319588
1	79.42857142857146
1	96.23076923076927
1	61.02439024390246
4	81.36585365853662
3	74.13333333333335
1	113.72727272727278
1	68.08163265306125
1	108.78260869565221
1	81.36585365853662
1	78.18750000000003
2	107.61290322580649
3	75.2481203007519
3	64.15384615384617
3	106.46808510638301
3	91.81651376146793
3	113.72727272727278
2	119.14285714285718
2	82.71074380165292
2	60.65454545454548
2	63.34177215189876
2	65.41176470588238
3	108.78260869565221
2	60.28915662650605
2	61.398773006134995
2	63.74522292993633
2	62.94339622641512
2	63.74522292993633
2	61.02439024390246
3	78.18750000000003
2	67.62162162162164
2	67.16778523489936
3	77.58139534883723
2	79.42857142857146
3	67.16778523489936
2	77.58139534883723
2	83.40000000000003
2	92.6666666666667
2	85.53846153846158
2	80.70967741935488
2	68.08163265306125
2	75.2481203007519
2	72.52173913043481
2	69.50000000000003
2	67.16778523489936
2	68.54794520547948
2	69.02068965517243
3	73.58823529411768
2	69.98601398601402
2	73.58823529411768
2	75.2481203007519
2	93.53271028037386
2	91.81651376146793
2	88.56637168141596
2	82.71074380165292
2	84.10084033613448
2	77.58139534883723
2	71.48571428571431
2	70.47887323943665
2	76.98461538461541
2	81.36585365853662
2	84.81355932203392
2	79.42857142857146
2	78.80314960629924
2	78.18750000000003
2	78.18750000000003
2	78.80314960629924
2	69.98601398601402
2	72.00000000000003
2	71.48571428571431
2	72.00000000000003
2	80.70967741935488
2	78.18750000000003
2	84.81355932203392
2	85.53846153846158
2	113.72727272727278
2	116.37209302325586
2	116.37209302325586
2	87.02608695652177
2	80.70967741935488
2	78.80314960629924
2	81.36585365853662
2	82.03278688524593
2	69.98601398601402
2	72.52173913043481
2	69.98601398601402
2	67.62162162162164
2	65.84210526315792
2	80.06400000000004
2	75.2481203007519
2	82.03278688524593
2	74.13333333333335
2	63.34177215189876
2	62.94339622641512
2	63.74522292993633
2	68.08163265306125
2	74.13333333333335
2	64.15384615384617
2	64.15384615384617
2	65.41176470588238
2	63.34177215189876
2	62.550000000000026
2	61.02439024390246
1	105.34736842105266
2	70.97872340425535
2	61.7777777777778
2	65.41176470588238
2	64.15384615384617
2	65.84210526315792
2	60.28915662650605
2	60.65454545454548
1	117.74117647058829
1	113.72727272727278
1	116.37209302325586
2	62.161490683229836
2	63.74522292993633
1	90.98181818181821
1	104.25000000000004
1	115.03448275862073
2	60.28915662650605
1	113.72727272727278
1	113.72727272727278
1	119.14285714285718
3	113.72727272727278
2	60.28915662650605
1	113.72727272727278
1	109.97802197802201
1	115.03448275862073
1	105.34736842105266
1	115.03448275862073
1	109.97802197802201
2	61.398773006134995
1	117.74117647058829
1	117.74117647058829
4	98.6456692913387
1	117.63380281690155
1	98.25882352941188
4	101.03225806451626
2	108.93913043478274
1	108.46753246753259
1	84.08053691275178
3	85.51535836177484
4	101.85365853658548
1	103.11111111111123
2	102.26938775510216
4	89.80645161290333
1	113.89090909090923
2	113.37556561085987
1	84.64864864864875
1	85.8082191780823
1	84.64864864864875
1	92.11764705882364
1	92.45756457564586
1	88.53710247349834
4	119.88516746411497
1	83.24252491694362
4	93.84269662921359
4	66.6382978723405
4	87.30313588850184
1	87.60839160839171
4	78.3000000000001
4	76.39024390243911
4	75.01796407185638
4	106.6212765957448
3	100.6265060240965
1	97.49416342412464
1	78.3000000000001
1	81.35064935064945
1	117.08411214953286
1	117.08411214953286
1	106.16949152542385
4	110.86725663716827
2	65.12359550561796
1	101.68421052631575
1	105.38181818181815
1	96.59999999999997
2	109.3584905660377
2	78.3243243243243
2	93.48387096774191
1	113.64705882352938
1	95.01639344262291
1	113.64705882352938
1	101.68421052631575
1	87.81818181818178
1	115.91999999999996
1	109.3584905660377
1	83.99999999999997
1	62.32258064516127
1	95.01639344262291
1	77.27999999999997
1	77.27999999999997
2	61.010526315789456
1	80.49999999999997
1	65.86363636363635
1	101.68421052631575
1	113.64705882352938
1	90.56249999999997
1	95.01639344262291
1	93.48387096774191
1	99.93103448275859
1	101.68421052631575
1	73.36708860759491
1	99.93103448275859
1	90.56249999999997
1	83.99999999999997
3	60.37499999999998
1	105.38181818181815
1	101.68421052631575
1	98.23728813559319
1	81.63380281690138
1	103.49999999999997
1	96.59999999999997
1	101.68421052631575
1	87.81818181818178
1	111.46153846153842
1	96.59999999999997
3	107.3333333333333
1	60.37499999999998
1	67.39534883720928
1	72.44999999999997
2	99.93103448275859
3	78.3243243243243
1	109.3584905660377
3	62.99999999999998
1	99.93103448275859
3	78.3243243243243
3	79.39726027397258
1	87.81818181818178
3	69.8313253012048
3	75.27272727272725
1	99.93103448275859
3	72.44999999999997
1	72.44999999999997
1	70.68292682926827
1	69.8313253012048
1	65.86363636363635
1	67.39534883720928
1	62.99999999999998
3	101.68421052631575
3	72.44999999999997
3	79.39726027397258
1	62.99999999999998
3	86.50746268656714
3	81.63380281690138
3	73.36708860759491
1	61.010526315789456
1	61.010526315789456
3	77.27999999999997
3	81.63380281690138
2	93.48387096774191
2	77.27999999999997
2	89.16923076923074
2	99.93103448275859
2	77.27999999999997
2	70.68292682926827
1	65.12359550561796
2	71.55555555555553
2	62.32258064516127
4	115.91999999999996
4	68.18823529411763
2	61.65957446808509
4	66.6206896551724
1	62.99999999999998
1	99.93103448275859
1	73.36708860759491
2	66.6206896551724
1	70.68292682926827
1	61.65957446808509
1	63.69230769230767
1	73.36708860759491
1	80.49999999999997
1	62.99999999999998
1	63.69230769230767
1	66.6206896551724
1	68.99999999999997
1	61.010526315789456
1	68.18823529411763
3	68.18823529411763
1	87.81818181818178
1	83.99999999999997
3	115.91999999999996
1	113.64705882352938
3	66.6206896551724
3	85.23529411764703
3	96.59999999999997
3	79.39726027397258
3	73.36708860759491
3	62.32258064516127
1	75.27272727272725
3	74.30769230769228
1	91.99999999999997
1	90.56249999999997
2	66.6206896551724
2	86.50746268656714
3	115.91999999999996
1	68.99999999999997
2	64.39999999999998
1	78.3243243243243
2	66.6206896551724
2	60.37499999999998
3	109.3584905660377
2	61.65957446808509
2	60.37499999999998
2	76.26315789473682
2	96.59999999999997
3	96.59999999999997
2	65.86363636363635
3	90.56249999999997
2	62.32258064516127
2	64.39999999999998
3	111.46153846153842
3	81.63380281690138
3	60.37499999999998
3	73.36708860759491
3	70.68292682926827
3	61.010526315789456
3	61.010526315789456
3	78.3243243243243
2	61.010526315789456
3	80.49999999999997
3	80.49999999999997
3	74.30769230769228
3	69.8313253012048
3	101.68421052631575
3	96.59999999999997
3	72.44999999999997
3	74.30769230769228
3	76.26315789473682
3	76.26315789473682
3	77.27999999999997
2	62.32258064516127
3	65.12359550561796
1	93.48387096774191
3	78.3243243243243
1	75.27272727272725
1	96.59999999999997
1	118.28571428571425
3	86.50746268656714
3	96.59999999999997
1	64.39999999999998
3	85.23529411764703
3	87.81818181818178
3	83.99999999999997
3	78.3243243243243
1	60.37499999999998
3	64.39999999999998
3	115.91999999999996
2	65.12359550561796
1	70.68292682926827
1	69.8313253012048
2	61.65957446808509
1	62.32258064516127
2	61.65957446808509
1	64.39999999999998
4	93.48387096774191
1	71.55555555555553
1	65.12359550561796
2	69.8313253012048
2	74.30769230769228
2	98.23728813559319
2	98.23728813559319
1	62.99999999999998
1	60.37499999999998
2	72.44999999999997
2	61.65957446808509
2	69.8313253012048
2	74.30769230769228
2	66.6206896551724
2	66.6206896551724
3	99.93103448275859
4	77.27999999999997
2	63.69230769230767
3	99.93103448275859
2	69.8313253012048
2	64.39999999999998
1	67.39534883720928
1	70.68292682926827
1	90.56249999999997
1	115.91999999999996
2	66.6206896551724
1	86.50746268656714
2	98.23728813559319
1	79.39726027397258
2	95.01639344262291
1	62.32258064516127
1	80.49999999999997
1	66.6206896551724
2	96.59999999999997
2	89.16923076923074
1	73.36708860759491
2	62.32258064516127
1	74.30769230769228
2	76.26315789473682
2	65.86363636363635
1	81.63380281690138
1	78.3243243243243
2	69.8313253012048
2	103.49999999999997
3	65.12359550561796
3	75.27272727272725
4	103.49999999999997
4	85.23529411764703
2	93.48387096774191
1	60.37499999999998
4	113.64705882352938
4	86.50746268656714
4	63.69230769230767
1	96.59999999999997
1	118.28571428571425
2	113.64705882352938
1	68.18823529411763
2	115.91999999999996
2	115.91999999999996
2	60.37499999999998
2	62.32258064516127
2	82.79999999999997
2	113.64705882352938
2	113.64705882352938
2	98.23728813559319
2	98.23728813559319
2	89.16923076923074
2	82.79999999999997
2	62.32258064516127
2	107.3333333333333
2	101.68421052631575
2	109.3584905660377
1	65.12359550561796
2	113.64705882352938
2	89.16923076923074
2	80.49999999999997
2	98.23728813559319
3	70.68292682926827
3	103.49999999999997
2	61.65957446808509
2	61.65957446808509
3	95.01639344262291
2	72.44999999999997
1	62.99999999999998
3	111.46153846153842
1	65.86363636363635
1	76.26315789473682
3	69.8313253012048
1	68.18823529411763
1	78.3243243243243
3	93.48387096774191
3	95.01639344262291
1	115.91999999999996
3	79.39726027397258
2	90.56249999999997
2	66.6206896551724
2	79.39726027397258
1	113.64705882352938
2	79.39726027397258
1	107.3333333333333
1	99.93103448275859
2	87.81818181818178
3	118.28571428571425
1	101.68421052631575
3	73.36708860759491
2	106.11764705882365
3	98.40000000000012
3	88.23913043478271
3	92.2500000000001
3	88.72131147540993
3	84.12435233160632
3	82.41624365482242
3	91.21348314606752
3	82.41624365482242
3	93.84971098265906
3	91.21348314606752
3	84.5625000000001
3	100.84472049689452
3	112.75000000000013
3	104.0769230769232
3	93.31034482758632
3	70.28571428571436
3	90.2000000000001
3	92.2500000000001
3	93.84971098265906
3	85.00523560209434
3	73.46606334841637
3	65.20481927710851
3	79.20000000000009
3	85.904761904762
3	93.84971098265906
3	87.29032258064527
3	83.69072164948463
3	74.13698630136994
3	100.84472049689452
3	90.2000000000001
3	78.43478260869574
3	84.12435233160632
3	77.68421052631588
3	77.68421052631588
3	74.47706422018358
3	80.37623762376246
3	89.20879120879131
3	106.81578947368433
3	111.97241379310357
3	97.22155688622766
3	102.11320754716994
3	98.40000000000012
3	102.11320754716994
3	111.97241379310357
3	95.50588235294128
3	73.46606334841637
3	78.05769230769239
3	85.45263157894746
3	106.11764705882365
3	90.70391061452524
3	87.29032258064527
3	76.22535211267615
3	87.29032258064527
3	115.9714285714287
3	92.77714285714296
3	97.80722891566276
3	83.69072164948463
3	86.82352941176481
3	75.86915887850476
3	68.7966101694916
3	65.73279352226729
3	60.35687732342014
3	73.46606334841637
3	83.26153846153856
3	79.20000000000009
3	75.51627906976753
3	72.16000000000008
3	70.28571428571436
3	67.65000000000008
3	66.26938775510212
3	82.0000000000001
3	82.83673469387764
3	89.20879120879131
3	95.50588235294128
3	96.07100591715988
3	87.29032258064527
3	78.43478260869574
3	84.5625000000001
3	80.77611940298517
3	83.26153846153856
3	104.0769230769232
3	94.94736842105274
3	86.82352941176481
3	86.36170212765967
3	72.80717488789246
3	67.93305439330551
3	67.93305439330551
3	67.09090909090916
3	73.80000000000008
3	77.68421052631588
3	98.40000000000012
3	99.00000000000011
3	102.7594936708862
3	115.9714285714287
3	85.45263157894746
3	95.50588235294128
3	101.47500000000012
3	102.7594936708862
3	102.11320754716994
3	103.41401273885363
3	104.0769230769232
3	109.70270270270282
3	106.81578947368433
3	118.51094890510963
3	100.22222222222234
3	102.11320754716994
3	106.81578947368433
3	115.9714285714287
3	109.70270270270282
3	108.24000000000012
3	110.44897959183686
3	110.44897959183686
3	115.14893617021289
3	116.80575539568359
3	113.53846153846168
3	109.70270270270282
3	113.53846153846168
3	102.11320754716994
3	106.11764705882365
3	115.9714285714287
3	115.14893617021289
3	109.70270270270282
3	115.14893617021289
3	105.42857142857154
3	111.20547945205492
3	106.11764705882365
3	110.44897959183686
3	112.75000000000013
3	97.80722891566276
3	93.84971098265906
3	97.22155688622766
3	102.11320754716994
3	115.9714285714287
3	113.53846153846168
3	106.81578947368433
3	111.97241379310357
3	93.84971098265906
3	91.21348314606752
3	88.72131147540993
3	94.94736842105274
3	111.20547945205492
2	87.29032258064527
3	108.96644295302026
3	110.44897959183686
3	97.22155688622766
3	104.0769230769232
3	90.70391061452524
3	106.81578947368433
3	100.22222222222234
3	100.84472049689452
3	93.31034482758632
3	116.80575539568359
3	110.44897959183686
3	116.80575539568359
3	115.9714285714287
3	99.6073619631903
3	112.75000000000013
3	111.20547945205492
3	92.2500000000001
3	98.40000000000012
2	93.31034482758632
3	117.65217391304361
3	108.96644295302026
3	112.75000000000013
3	114.33802816901422
3	102.7594936708862
3	114.33802816901422
3	115.9714285714287
3	99.00000000000011
3	85.904761904762
3	94.94736842105274
3	117.65217391304361
3	103.41401273885363
3	107.52317880794715
3	115.9714285714287
3	114.33802816901422
3	112.75000000000013
3	95.50588235294128
3	108.96644295302026
3	96.07100591715988
3	95.50588235294128
3	116.80575539568359
3	89.70165745856364
3	107.52317880794715
3	116.80575539568359
3	90.2000000000001
3	96.64285714285725
3	93.84971098265906
3	102.7594936708862
3	99.6073619631903
3	102.7594936708862
3	116.80575539568359
3	111.97241379310357
3	104.74838709677431
3	115.14893617021289
3	95.50588235294128
3	91.21348314606752
3	100.22222222222234
3	111.20547945205492
3	115.14893617021289
3	109.70270270270282
3	110.44897959183686
3	99.00000000000011
3	85.45263157894746
3	98.40000000000012
3	97.80722891566276
3	112.75000000000013
3	108.24000000000012
3	96.64285714285725
3	108.96644295302026
3	115.14893617021289
3	115.14893617021289
3	111.20547945205492
3	103.41401273885363
3	109.70270270270282
3	115.14893617021289
3	113.53846153846168
3	115.14893617021289
3	112.75000000000013
2	99.6073619631903
3	104.0769230769232
3	96.64285714285725
3	88.72131147540993
3	78.43478260869574
3	78.81553398058261
3	92.77714285714296
3	96.64285714285725
3	81.18000000000009
3	86.82352941176481
3	87.29032258064527
3	106.81578947368433
3	113.53846153846168
3	115.9714285714287
3	95.50588235294128
3	100.84472049689452
3	108.96644295302026
3	114.33802816901422
3	102.7594936708862
2	107.52317880794715
3	115.9714285714287
3	111.20547945205492
3	102.11320754716994
3	100.84472049689452
3	99.00000000000011
3	111.20547945205492
3	97.22155688622766
3	104.0769230769232
3	90.2000000000001
3	104.74838709677431
3	104.0769230769232
3	104.74838709677431
3	113.53846153846168
3	118.51094890510963
2	112.27972027972048
2	109.22448979591856
2	116.34782608695673
2	99.72670807453433
2	78.32195121951233
2	71.04424778761074
2	78.70588235294132
1	72.95999999999981
1	103.24528301886767
1	94.34482758620666
1	94.34482758620666
1	84.18461538461517
1	92.74576271186417
1	109.43999999999971
1	63.62790697674402
1	71.99999999999982
1	97.71428571428547
1	118.95652173913012
1	88.25806451612881
1	101.33333333333307
1	88.25806451612881
1	107.29411764705856
2	84.18461538461517
1	85.49999999999979
1	64.37647058823514
1	116.42553191489333
1	70.15384615384598
1	81.67164179104456
1	95.99999999999976
1	95.99999999999976
1	74.95890410958884
1	60.79999999999985
1	71.06493506493489
1	99.49090909090884
2	64.37647058823514
2	71.06493506493489
1	81.67164179104456
1	85.49999999999979
2	73.94594594594575
1	89.70491803278665
1	99.49090909090884
2	71.99999999999982
1	105.23076923076896
1	75.9999999999998
1	89.70491803278665
2	91.19999999999976
1	94.34482758620666
1	65.14285714285698
1	85.49999999999979
1	118.95652173913012
1	64.37647058823514
4	109.43999999999971
4	79.30434782608675
4	60.79999999999985
4	95.99999999999976
1	61.483146067415575
1	75.9999999999998
1	71.06493506493489
1	62.181818181818024
1	62.181818181818024
1	71.99999999999982
1	62.181818181818024
1	78.17142857142836
2	61.483146067415575
1	105.23076923076896
1	99.49090909090884
1	77.07042253521107
2	62.181818181818024
1	79.30434782608675
1	103.24528301886767
2	63.62790697674402
1	95.99999999999976
2	74.95890410958884
2	62.89655172413777
2	62.89655172413777
2	71.99999999999982
1	84.18461538461517
2	99.49090909090884
2	75.9999999999998
2	85.49999999999979
1	118.95652173913012
2	85.49999999999979
1	85.49999999999979
2	67.55555555555539
2	66.731707317073
1	86.85714285714263
2	88.25806451612881
2	88.25806451612881
1	79.30434782608675
1	101.33333333333307
1	97.71428571428547
1	77.07042253521107
1	61.483146067415575
1	65.14285714285698
2	66.731707317073
1	60.131868131867975
1	71.99999999999982
1	62.89655172413777
1	61.483146067415575
1	62.181818181818024
1	77.07042253521107
1	61.483146067415575
1	77.07042253521107
1	64.37647058823514
1	63.62790697674402
1	80.47058823529392
1	60.79999999999985
1	69.26582278480996
1	94.34482758620666
1	68.39999999999982
1	66.731707317073
1	65.92771084337332
2	65.14285714285698
1	63.62790697674402
1	68.39999999999982
1	71.99999999999982
1	67.55555555555539
1	71.99999999999982
1	85.49999999999979
1	70.15384615384598
1	91.19999999999976
1	78.17142857142836
1	70.15384615384598
1	77.07042253521107
1	79.30434782608675
1	109.43999999999971
1	61.483146067415575
1	101.33333333333307
1	71.99999999999982
1	68.39999999999982
1	74.95890410958884
1	99.49090909090884
1	77.07042253521107
1	69.26582278480996
1	64.37647058823514
1	65.14285714285698
4	60.79999999999985
1	62.181818181818024
1	67.55555555555539
1	75.9999999999998
1	72.95999999999981
1	65.92771084337332
1	65.14285714285698
1	67.55555555555539
1	65.14285714285698
1	70.15384615384598
4	72.95999999999981
1	79.30434782608675
1	92.74576271186417
1	81.67164179104456
1	71.99999999999982
1	82.9090909090907
1	94.34482758620666
2	71.06493506493489
1	111.67346938775482
1	78.17142857142836
1	64.37647058823514
1	113.99999999999972
1	80.47058823529392
1	78.17142857142836
1	75.9999999999998
1	103.24528301886767
1	75.9999999999998
1	68.39999999999982
2	61.483146067415575
1	68.39999999999982
1	81.67164179104456
2	65.14285714285698
1	72.95999999999981
1	69.26582278480996
1	74.95890410958884
1	74.95890410958884
1	60.131868131867975
1	71.99999999999982
1	72.95999999999981
1	62.89655172413777
1	71.06493506493489
1	70.15384615384598
1	81.67164179104456
1	73.94594594594575
1	79.30434782608675
1	86.85714285714263
1	74.95890410958884
1	73.94594594594575
1	79.30434782608675
1	74.95890410958884
1	68.39999999999982
1	72.95999999999981
1	88.25806451612881
1	74.95890410958884
1	71.99999999999982
1	85.49999999999979
1	109.43999999999971
1	116.42553191489333
1	85.49999999999979
1	71.99999999999982
1	77.07042253521107
1	79.30434782608675
1	84.18461538461517
1	113.99999999999972
1	89.70491803278665
1	97.71428571428547
1	103.24528301886767
1	107.29411764705856
1	118.95652173913012
1	80.47058823529392
1	116.42553191489333
1	109.43999999999971
2	67.55555555555539
1	72.95999999999981
1	67.55555555555539
2	71.99999999999982
2	85.49999999999979
1	107.29411764705856
1	72.95999999999981
1	62.89655172413777
1	60.131868131867975
1	91.19999999999976
1	73.94594594594575
1	75.9999999999998
1	71.99999999999982
1	65.14285714285698
3	82.17391304347804
3	79.3006993006991
3	81.58273381294943
3	73.16129032258046
3	89.29133858267693
3	77.67123287671212
3	69.14634146341446
3	73.63636363636344
4	75.5999999999998
3	77.67123287671212
3	72.22929936305714
3	76.62162162162141
4	67.10059171597615
4	77.14285714285694
3	79.3006993006991
3	76.10738255033537
3	81.58273381294943
4	75.5999999999998
3	76.62162162162141
3	72.22929936305714
3	68.72727272727255
3	77.14285714285694
1	118.12499999999969
3	71.32075471698094
3	66.705882352941
3	64.79999999999983
3	67.10059171597615
3	74.60526315789454
3	68.31325301204801
3	68.72727272727255
3	63.70786516853916
3	60.96774193548371
3	62.99999999999984
3	66.705882352941
3	64.79999999999983
3	62.65193370165729
3	60.96774193548371
3	64.43181818181802
3	60.64171122994637
3	66.705882352941
3	69.14634146341446
3	67.90419161676628
3	69.57055214723908
3	75.09933774834417
3	72.22929936305714
1	118.12499999999969
1	112.27722772277198
1	104.99999999999973
3	67.49999999999983
3	67.90419161676628
1	96.10169491525399
3	65.5491329479767
3	60.96774193548371
1	107.99999999999972
3	62.30769230769214
3	66.705882352941
3	70.43478260869547
3	69.99999999999982
3	73.16129032258046
3	69.99999999999982
1	103.09090909090882
3	76.10738255033537
3	67.49999999999983
3	70.87499999999982
3	71.772151898734
3	68.72727272727255
3	66.705882352941
3	79.3006993006991
3	69.57055214723908
3	63.3519553072624
3	67.10059171597615
3	70.43478260869547
3	75.09933774834417
3	80.42553191489341
3	76.62162162162141
3	70.43478260869547
3	62.99999999999984
3	61.96721311475394
3	60.96774193548371
3	68.31325301204801
3	71.772151898734
3	72.6923076923075
3	61.63043478260853
3	64.79999999999983
3	67.90419161676628
3	67.10059171597615
3	66.705882352941
3	68.72727272727255
3	70.87499999999982
3	74.60526315789454
3	66.705882352941
3	67.90419161676628
1	116.90721649484506
3	79.3006993006991
3	71.772151898734
3	71.772151898734
3	83.99999999999977
3	67.90419161676628
3	77.14285714285694
2	81.58273381294943
1	118.12499999999969
4	61.63043478260853
1	119.36842105263126
1	107.99999999999972
4	62.99999999999984
4	67.49999999999983
1	112.27722772277198
1	110.09708737864048
1	119.36842105263126
1	114.54545454545425
3	85.26315789473662
4	60.64171122994637
3	73.63636363636344
3	69.99999999999982
3	71.772151898734
3	78.74999999999979
3	69.14634146341446
1	106.98113207547142
1	106.98113207547142
4	77.67123287671212
1	89.99999999999976
1	99.47368421052606
1	95.29411764705857
4	78.20689655172393
3	92.9508196721309
1	71.772151898734
1	67.49999999999983
4	81.58273381294943
1	98.60869565217365
1	89.29133858267693
4	72.6923076923075
3	87.230769230769
4	78.20689655172393
3	75.5999999999998
1	103.09090909090882
3	70.43478260869547
3	74.60526315789454
3	74.11764705882334
3	82.17391304347804
3	84.62686567164157
3	81.58273381294943
3	89.99999999999976
3	86.56488549618298
3	116.90721649484506
3	105.98130841121467
2	118.12499999999969
2	119.36842105263126
3	99.47368421052606
2	119.36842105263126
1	118.12499999999969
1	116.90721649484506
1	119.36842105263126
1	115.71428571428541
2	114.54545454545425
2	112.27722772277198
1	115.71428571428541
2	112.27722772277198
2	119.36842105263126
1	70.43478260869547
2	97.75862068965492
2	113.39999999999971
3	111.176470588235
3	85.90909090909068
3	87.230769230769
3	75.09933774834417
3	71.772151898734
3	62.65193370165729
3	67.10059171597615
3	62.99999999999984
3	65.5491329479767
3	66.705882352941
3	72.6923076923075
3	65.93023255813937
3	67.10059171597615
3	61.96721311475394
3	60.64171122994637
4	119.36842105263126
1	119.36842105263126
1	106.98113207547142
1	105.98130841121467
4	113.39999999999971
1	107.99999999999972
4	115.71428571428541
1	78.74999999999979
1	69.14634146341446
4	76.62162162162141
4	76.62162162162141
1	69.99999999999982
1	69.57055214723908
1	65.5491329479767
1	67.10059171597615
1	69.14634146341446
1	60.96774193548371
1	70.87499999999982
1	63.3519553072624
1	69.57055214723908
1	67.49999999999983
1	67.10059171597615
1	75.5999999999998
1	96.10169491525399
1	82.17391304347804
1	75.09933774834417
1	97.75862068965492
1	79.3006993006991
1	98.60869565217365
1	99.47368421052606
1	101.24999999999973
1	115.71428571428541
1	86.56488549618298
1	118.12499999999969
1	111.176470588235
1	112.27722772277198
1	114.54545454545425
1	109.03846153846125
1	96.10169491525399
1	98.60869565217365
1	110.09708737864048
1	105.98130841121467
1	112.27722772277198
1	100.3539823008847
1	89.99999999999976
1	101.24999999999973
1	97.75862068965492
1	92.19512195121926
1	110.09708737864048
1	116.90721649484506
1	96.92307692307666
1	86.56488549618298
1	107.99999999999972
1	94.49999999999976
1	77.67123287671212
1	79.3006993006991
1	71.32075471698094
1	69.14634146341446
1	77.67123287671212
1	78.20689655172393
1	78.20689655172393
1	74.60526315789454
1	83.99999999999977
1	86.56488549618298
1	104.03669724770614
1	103.09090909090882
1	119.36842105263126
3	60.64171122994637
3	71.32075471698094
3	61.63043478260853
3	67.10059171597615
3	62.30769230769214
3	81.58273381294943
3	80.42553191489341
3	80.42553191489341
3	82.17391304347804
3	96.10169491525399
3	92.9508196721309
3	93.71900826446256
3	87.90697674418581
3	90.71999999999976
3	105.98130841121467
3	109.03846153846125
3	101.24999999999973
3	96.92307692307666
3	107.99999999999972
3	109.03846153846125
3	99.47368421052606
3	89.29133858267693
3	81.58273381294943
3	76.10738255033537
3	89.29133858267693
3	106.98113207547142
3	87.230769230769
3	72.22929936305714
3	85.90909090909068
3	80.99999999999979
3	79.85915492957726
3	69.14634146341446
3	74.11764705882334
3	75.5999999999998
3	80.42553191489341
1	111.162162162162
1	108.236842105263
1	109.67999999999984
1	109.67999999999984
1	111.162162162162
1	111.162162162162
1	106.83116883116867
1	104.78980891719729
1	112.68493150684915
2	111.59999999999988
2	100.62295081967203
2	112.62385321100905
2	104.9230769230768
2	119.18446601941734
2	95.9062499999999
2	119.18446601941734
2	109.60714285714275
2	96.66141732283454
2	119.18446601941734
2	119.18446601941734
2	70.14857142857136
2	99.80487804878038
2	82.38926174496636
2	78.19108280254768
2	89.6058394160583
2	119.18446601941734
2	110.59459459459448
2	102.2999999999999
2	116.91428571428558
4	113.14285714285656
4	78.08450704225311
1	65.22352941176436
1	60.92307692307661
1	72.94736842105225
1	62.99999999999967
1	60.26086956521708
1	60.26086956521708
1	74.91891891891854
4	71.99999999999963
1	104.60377358490511
4	100.79999999999947
1	97.26315789473634
1	61.59999999999968
4	73.91999999999962
1	106.61538461538406
1	102.66666666666613
4	93.96610169491477
1	100.79999999999947
1	64.46511627906943
1	87.99999999999955
4	70.17721518987305
1	115.4999999999994
1	115.4999999999994
1	62.99999999999967
1	104.60377358490511
1	108.7058823529406
1	104.60377358490511
1	113.14285714285656
1	102.66666666666613
1	110.87999999999943
1	98.99999999999949
1	62.29213483146035
1	71.99999999999963
1	65.22352941176436
1	64.46511627906943
1	60.26086956521708
1	68.44444444444409
1	68.44444444444409
1	62.29213483146035
1	61.59999999999968
1	98.99999999999949
1	80.3478260869561
1	79.19999999999959
1	68.44444444444409
1	78.08450704225311
3	73.91999999999962
3	79.19999999999959
3	80.3478260869561
1	86.62499999999955
1	69.29999999999964
3	110.87999999999943
1	74.91891891891854
1	60.26086956521708
1	71.07692307692271
1	60.26086956521708
4	60.26086956521708
4	115.4999999999994
1	87.99999999999955
1	115.4999999999994
1	60.26086956521708
1	66.79518072289122
1	76.9999999999996
1	108.7058823529406
1	98.99999999999949
4	71.07692307692271
1	78.08450704225311
1	86.62499999999955
1	66.79518072289122
3	115.4999999999994
1	115.4999999999994
1	110.87999999999943
1	110.87999999999943
4	79.19999999999959
1	106.61538461538406
4	79.19999999999959
1	92.39999999999952
1	64.46511627906943
1	75.94520547945166
4	97.26315789473634
1	104.60377358490511
1	73.91999999999962
1	75.94520547945166
1	73.91999999999962
4	65.99999999999966
3	113.14285714285656
4	74.91891891891854
4	81.52941176470546
4	64.46511627906943
4	82.74626865671598
4	64.46511627906943
4	97.26315789473634
1	98.99999999999949
1	104.60377358490511
1	108.7058823529406
1	117.95744680851003
4	100.79999999999947
1	67.60975609756062
1	65.22352941176436
1	65.22352941176436
1	70.17721518987305
1	62.99999999999967
3	69.00000000000034
3	108.94736842105317
3	118.28571428571487
3	118.28571428571487
3	118.28571428571487
3	75.27272727272765
3	67.86885245901674
3	71.37931034482794
3	106.15384615384669
3	78.11320754717019
3	76.66666666666704
4	61.79104477611971
3	66.77419354838743
3	70.16949152542408
3	67.86885245901674
3	60.88235294117677
3	67.86885245901674
3	69.00000000000034
3	72.63157894736878
3	65.71428571428604
3	66.77419354838743
4	65.71428571428604
3	108.94736842105317
4	76.66666666666704
4	69.00000000000034
4	61.79104477611971
4	100.97560975609807
3	73.9285714285718
4	73.9285714285718
3	106.15384615384669
3	84.48979591836776
3	106.15384615384669
4	61.79104477611971
3	64.68750000000033
3	75.27272727272765
4	106.15384615384669
3	69.00000000000034
3	73.9285714285718
3	76.66666666666704
4	108.94736842105317
3	69.00000000000034
4	61.79104477611971
4	96.27906976744234
3	111.89189189189244
3	81.1764705882357
4	98.57142857142905
4	88.08510638297916
4	71.37931034482794
4	103.50000000000051
3	103.50000000000051
4	71.37931034482794
4	84.48979591836776
4	115.00000000000057
3	111.89189189189244
4	62.72727272727304
3	66.77419354838743
3	84.48979591836776
4	73.9285714285718
3	76.66666666666704
2	118.0327868852459
2	103.84615384615384
2	97.29729729729729
4	118.68131868131869
2	76.86832740213524
2	75.78947368421052
2	99.53917050691244
2	114.8936170212766
2	113.6842105263158
2	110.76923076923077
2	100.0
2	72.24080267558529
2	75.52447552447552
2	92.3076923076923
2	89.25619834710744
2	93.50649350649351
2	90.75630252100841
2	113.6842105263158
4	98.18181818181819
4	107.46268656716418
4	103.84615384615384
4	105.88235294117646
4	109.64467005076142
2	94.73684210526316
2	96.42857142857143
2	72.24080267558529
4	75.26132404181185
4	65.65349544072949
2	112.5
2	109.64467005076142
2	103.34928229665071
2	99.53917050691244
2	98.18181818181819
2	102.85714285714286
2	98.18181818181819
2	96.8609865470852
2	92.70386266094421
2	90.0
2	93.91304347826087
2	90.75630252100841
2	87.4493927125506
2	100.46511627906976
2	92.70386266094421
2	91.13924050632912
2	85.37549407114625
2	96.0
2	105.36585365853658
2	98.63013698630137
4	116.12903225806451
2	86.05577689243027
2	90.0
2	103.84615384615384
2	117.3913043478261
2	110.76923076923077
2	104.85436893203884
2	106.93069306930693
2	104.85436893203884
2	94.73684210526316
4	80.59701492537313
2	95.57522123893806
2	95.15418502202643
2	100.0
2	97.29729729729729
2	100.46511627906976
2	92.70386266094421
2	101.88679245283019
2	96.8609865470852
2	104.85436893203884
2	99.08256880733946
2	110.76923076923077
2	100.0
2	108.0
2	111.34020618556701
2	117.3913043478261
2	118.0327868852459
2	109.64467005076142
2	109.64467005076142
2	114.8936170212766
2	115.50802139037434
2	107.46268656716418
2	110.20408163265306
4	110.76923076923077
2	102.85714285714286
2	108.5427135678392
2	108.0
2	95.57522123893806
2	104.34782608695652
2	116.12903225806451
2	111.34020618556701
2	109.64467005076142
2	98.63013698630137
2	100.0
4	76.32508833922262
2	104.85436893203884
2	103.84615384615384
2	104.34782608695652
2	111.34020618556701
2	118.68131868131869
2	118.68131868131869
4	61.891117478510026
4	60.674157303370784
2	110.76923076923077
4	100.0
2	104.85436893203884
2	115.50802139037434
2	110.76923076923077
2	84.04669260700389
2	81.50943396226415
2	84.04669260700389
2	85.71428571428571
2	96.8609865470852
2	105.36585365853658
2	105.88235294117646
4	77.6978417266187
2	98.63013698630137
2	91.13924050632912
4	65.85365853658537
4	64.09495548961425
2	102.85714285714286
4	60.33519553072626
4	62.97376093294461
4	62.247838616714695
4	63.1578947368421
2	112.5
2	98.18181818181819
2	101.88679245283019
2	99.08256880733946
2	111.34020618556701
2	98.63013698630137
2	114.8936170212766
2	108.5427135678392
2	113.6842105263158
2	118.68131868131869
2	116.75675675675676
2	118.68131868131869
2	111.34020618556701
4	103.34928229665071
2	100.93457943925233
2	108.0
2	109.64467005076142
4	99.53917050691244
2	109.0909090909091
2	114.28571428571429
2	118.68131868131869
2	115.50802139037434
2	109.64467005076142
2	108.5427135678392
2	105.88235294117646
2	114.28571428571429
2	114.8936170212766
2	120.0
2	100.0
4	120.0
2	113.6842105263158
2	87.8048780487805
2	90.0
2	113.6842105263158
2	111.91709844559585
2	110.76923076923077
2	96.0
2	97.73755656108597
2	103.34928229665071
2	115.50802139037434
4	65.45454545454545
4	65.06024096385542
2	94.73684210526316
2	96.42857142857143
2	96.0
2	104.34782608695652
2	114.28571428571429
2	94.73684210526316
2	105.88235294117646
2	114.8936170212766
2	104.85436893203884
2	118.0327868852459
2	101.88679245283019
2	99.53917050691244
2	93.91304347826087
2	101.88679245283019
2	103.84615384615384
2	108.5427135678392
2	102.3696682464455
2	102.3696682464455
2	99.53917050691244
2	98.63013698630137
2	98.18181818181819
2	104.85436893203884
2	101.40845070422536
2	104.85436893203884
2	102.3696682464455
2	106.4039408866995
2	107.46268656716418
2	108.0
2	99.08256880733946
2	109.64467005076142
2	109.64467005076142
2	114.28571428571429
2	105.36585365853658
4	116.75675675675676
2	101.88679245283019
4	116.75675675675676
2	119.33701657458563
2	102.85714285714286
2	85.71428571428571
2	89.25619834710744
2	87.8048780487805
2	90.3765690376569
4	116.12903225806451
2	118.68131868131869
2	114.8936170212766
2	104.34782608695652
2	118.0327868852459
1	97.02439024390216
1	97.02439024390216
1	91.44827586206871
1	89.39325842696604
1	89.39325842696604
1	94.71428571428545
1	86.47826086956498
1	89.39325842696604
1	82.87499999999977
1	83.7473684210524
1	90.40909090909065
1	95.85542168674672
1	93.59999999999974
1	99.44999999999972
2	115.30434782608663
1	93.59999999999974
1	93.59999999999974
1	91.44827586206871
1	97.02439024390216
1	107.51351351351322
1	97.02439024390216
2	110.49999999999969
1	101.99999999999972
1	90.40909090909065
1	86.47826086956498
1	87.42857142857119
1	97.02439024390216
1	90.40909090909065
1	85.54838709677395
1	80.36363636363613
1	99.44999999999972
1	110.49999999999969
3	118.74626865671608
3	116.99999999999967
3	118.74626865671608
3	118.74626865671608
1	87.42857142857119
1	101.99999999999972
3	92.51162790697649
1	93.59999999999974
1	78.77227722772255
3	108.9863013698627
3	97.02439024390216
1	91.44827586206871
1	93.59999999999974
2	94.71428571428545
2	98.22222222222194
1	108.9863013698627
1	103.32467532467503
1	97.02439024390216
1	99.44999999999972
1	113.65714285714253
1	89.39325842696604
1	106.0799999999997
1	92.51162790697649
1	112.0563380281687
1	99.44999999999972
1	89.39325842696604
1	93.59999999999974
1	97.02439024390216
1	87.42857142857119
1	86.47826086956498
1	84.63829787234019
1	89.39325842696604
1	85.54838709677395
1	86.47826086956498
1	93.59999999999974
1	110.49999999999969
1	97.02439024390216
1	100.70886075949339
2	92.51162790697649
2	104.6842105263155
1	89.39325842696604
1	91.44827586206871
1	101.99999999999972
3	106.0799999999997
1	103.32467532467503
3	92.51162790697649
2	97.02439024390216
2	118.74626865671608
1	110.49999999999969
2	107.51351351351322
1	108.9863013698627
1	118.74626865671608
1	115.30434782608663
1	104.6842105263155
1	99.44999999999972
1	95.85542168674672
2	104.6842105263155
1	88.39999999999975
1	92.51162790697649
1	89.39325842696604
1	91.44827586206871
1	92.51162790697649
1	91.44827586206871
1	92.51162790697649
1	92.51162790697649
1	97.02439024390216
1	103.32467532467503
1	98.22222222222194
1	95.85542168674672
1	88.39999999999975
1	93.59999999999974
1	97.02439024390216
1	95.85542168674672
1	92.51162790697649
1	90.40909090909065
1	87.42857142857119
2	90.40909090909065
1	92.51162790697649
1	100.70886075949339
1	98.22222222222194
1	101.99999999999972
2	98.22222222222194
3	115.30434782608663
1	97.02439024390216
1	89.39325842696604
3	113.65714285714253
1	98.22222222222194
3	107.51351351351322
1	97.02439024390216
3	104.6842105263155
1	106.0799999999997
1	99.44999999999972
3	95.85542168674672
1	99.44999999999972
1	90.40909090909065
1	87.42857142857119
2	94.71428571428545
1	101.99999999999972
1	94.71428571428545
2	118.74626865671608
3	87.42857142857119
1	88.39999999999975
2	85.54838709677395
3	93.59999999999974
1	89.39325842696604
1	98.22222222222194
1	100.70886075949339
1	110.49999999999969
1	92.51162790697649
1	91.44827586206871
1	100.70886075949339
1	95.85542168674672
1	95.85542168674672
1	104.6842105263155
1	104.6842105263155
1	118.74626865671608
1	113.65714285714253
1	104.6842105263155
1	100.70886075949339
1	116.99999999999967
2	97.02439024390216
1	90.40909090909065
2	100.70886075949339
1	110.49999999999969
1	98.22222222222194
1	92.51162790697649
1	89.39325842696604
1	88.39999999999975
1	91.44827586206871
1	90.40909090909065
1	89.39325842696604
1	91.44827586206871
1	101.99999999999972
1	91.44827586206871
2	88.39999999999975
1	94.71428571428545
1	88.39999999999975
2	95.85542168674672
1	88.39999999999975
1	100.70886075949339
1	100.70886075949339
1	103.32467532467503
1	101.99999999999972
1	97.02439024390216
1	99.44999999999972
1	93.59999999999974
1	94.71428571428545
1	83.7473684210524
1	86.47826086956498
1	110.49999999999969
2	115.30434782608663
1	103.32467532467503
1	112.0563380281687
3	92.51162790697649
1	118.74626865671608
1	110.49999999999969
1	112.0563380281687
1	113.65714285714253
1	110.49999999999969
1	107.51351351351322
1	108.9863013698627
1	116.99999999999967
1	115.30434782608663
1	100.70886075949339
1	93.59999999999974
1	104.6842105263155
1	100.70886075949339
1	94.71428571428545
1	89.39325842696604
1	107.51351351351322
1	108.9863013698627
1	110.49999999999969
1	113.65714285714253
1	107.51351351351322
1	99.44999999999972
1	101.99999999999972
1	97.02439024390216
1	104.6842105263155
1	104.6842105263155
1	104.6842105263155
2	100.70886075949339
1	106.0799999999997
1	116.99999999999967
1	110.49999999999969
1	110.49999999999969
1	99.44999999999972
1	95.85542168674672
1	98.22222222222194
1	107.51351351351322
1	95.85542168674672
1	93.59999999999974
1	100.70886075949339
1	101.99999999999972
1	91.44827586206871
1	103.32467532467503
1	106.0799999999997
1	107.51351351351322
1	112.0563380281687
1	101.99999999999972
1	104.6842105263155
1	103.32467532467503
1	108.9863013698627
1	110.49999999999969
1	115.30434782608663
1	115.30434782608663
1	95.85542168674672
1	94.71428571428545
1	110.49999999999969
1	99.44999999999972
1	98.22222222222194
1	108.9863013698627
1	113.65714285714253
1	108.9863013698627
1	110.49999999999969
1	113.65714285714253
1	108.9863013698627
2	113.65714285714253
1	107.51351351351322
1	107.51351351351322
1	106.0799999999997
1	106.0799999999997
1	103.32467532467503
1	110.49999999999969
1	110.49999999999969
1	103.32467532467503
1	107.51351351351322
1	104.6842105263155
1	107.51351351351322
1	108.9863013698627
1	110.49999999999969
1	112.0563380281687
1	104.6842105263155
1	104.6842105263155
1	112.0563380281687
1	112.0563380281687
1	100.70886075949339
1	107.51351351351322
2	110.49999999999969
1	106.0799999999997
1	100.70886075949339
2	110.49999999999969
1	112.0563380281687
1	115.30434782608663
1	118.74626865671608
2	104.6842105263155
1	118.74626865671608
1	115.30434782608663
1	106.0799999999997
1	107.51351351351322
1	115.30434782608663
1	110.49999999999969
1	108.9863013698627
1	98.22222222222194
1	115.30434782608663
1	116.99999999999967
1	93.59999999999974
1	98.22222222222194
1	107.51351351351322
1	101.99999999999972
1	100.70886075949339
1	115.30434782608663
1	106.0799999999997
1	95.85542168674672
1	115.30434782608663
1	107.51351351351322
1	110.49999999999969
2	113.65714285714253
1	118.74626865671608
1	115.30434782608663
1	112.0563380281687
1	115.30434782608663
1	89.39325842696604
1	104.6842105263155
1	108.9863013698627
1	118.74626865671608
1	112.0563380281687
1	104.6842105263155
1	103.32467532467503
1	74.35514018691568
1	79.55999999999977
1	68.58620689655153
1	74.35514018691568
1	72.32727272727253
1	66.85714285714266
1	73.66666666666646
1	76.49999999999979
1	88.39999999999975
1	71.67567567567548
1	67.99999999999982
2	71.03571428571409
1	69.78947368421034
1	75.0566037735847
1	118.74626865671608
1	99.44999999999972
1	98.22222222222194
1	89.39325842696604
1	79.55999999999977
1	73.66666666666646
1	71.67567567567548
1	70.40707964601751
1	92.51162790697649
1	82.0206185567008
1	112.0563380281687
1	116.99999999999967
1	110.49999999999969
1	91.44827586206871
1	93.59999999999974
1	87.42857142857119
2	85.54838709677395
2	88.39999999999975
1	108.9863013698627
2	88.39999999999975
1	106.0799999999997
2	91.44827586206871
1	103.32467532467503
3	69.18260869565198
1	112.0563380281687
3	70.40707964601751
1	101.99999999999972
1	103.32467532467503
1	99.44999999999972
1	116.99999999999967
1	91.44827586206871
1	82.0206185567008
1	104.6842105263155
1	107.51351351351322
1	93.59999999999974
1	88.39999999999975
1	85.54838709677395
1	87.42857142857119
1	83.7473684210524
1	92.51162790697649
1	110.49999999999969
1	99.44999999999972
1	81.18367346938753
1	73.66666666666646
1	82.0206185567008
1	78.77227722772255
1	86.47826086956498
1	78.77227722772255
1	75.77142857142836
1	87.42857142857119
1	83.7473684210524
1	89.39325842696604
1	83.7473684210524
1	79.55999999999977
1	80.36363636363613
1	77.24271844660173
1	92.51162790697649
2	91.44827586206871
1	70.40707964601751
1	89.39325842696604
1	72.99082568807319
1	76.49999999999979
1	75.77142857142836
1	77.99999999999979
1	67.42372881355914
1	75.0566037735847
1	98.22222222222194
1	88.39999999999975
1	85.54838709677395
1	101.99999999999972
1	103.32467532467503
1	104.6842105263155
1	113.65714285714253
1	107.51351351351322
1	85.54838709677395
1	92.51162790697649
2	110.49999999999969
1	81.18367346938753
1	85.54838709677395
1	78.77227722772255
1	87.42857142857119
1	79.55999999999977
1	66.85714285714266
1	66.29999999999981
1	63.64799999999982
2	103.32467532467503
1	72.32727272727253
1	75.0566037735847
2	100.70886075949339
1	84.63829787234019
1	75.0566037735847
1	72.99082568807319
1	80.36363636363613
1	76.49999999999979
2	88.39999999999975
1	77.24271844660173
1	75.0566037735847
1	86.47826086956498
1	80.36363636363613
1	86.47826086956498
1	71.67567567567548
1	70.40707964601751
1	71.03571428571409
1	72.99082568807319
1	90.40909090909065
1	87.42857142857119
1	77.99999999999979
2	91.44827586206871
1	83.7473684210524
1	67.42372881355914
1	78.77227722772255
1	101.99999999999972
1	90.40909090909065
1	79.55999999999977
1	95.85542168674672
1	110.49999999999969
1	113.65714285714253
1	113.65714285714253
1	112.0563380281687
1	112.0563380281687
1	106.0799999999997
1	107.51351351351322
1	104.6842105263155
1	98.22222222222194
1	116.99999999999967
1	106.0799999999997
1	99.44999999999972
1	106.0799999999997
2	115.30434782608663
1	113.65714285714253
1	115.30434782608663
1	106.0799999999997
1	107.51351351351322
3	88.39999999999975
1	113.65714285714253
1	110.49999999999969
1	113.65714285714253
1	108.9863013698627
1	95.85542168674672
1	116.99999999999967
1	115.30434782608663
1	113.65714285714253
1	108.9863013698627
1	106.0799999999997
1	98.22222222222194
1	116.99999999999967
1	100.70886075949339
1	101.99999999999972
1	98.22222222222194
1	99.44999999999972
1	106.0799999999997
1	110.49999999999969
1	113.65714285714253
1	106.0799999999997
1	115.30434782608663
1	100.70886075949339
1	106.0799999999997
1	106.0799999999997
1	115.30434782608663
1	108.9863013698627
1	108.9863013698627
1	113.65714285714253
1	103.32467532467503
1	110.49999999999969
1	107.51351351351322
1	108.9863013698627
1	103.32467532467503
1	110.49999999999969
1	106.0799999999997
1	101.99999999999972
1	97.02439024390216
1	90.40909090909065
1	84.63829787234019
1	106.0799999999997
1	104.6842105263155
1	106.0799999999997
1	108.9863013698627
1	108.9863013698627
1	100.70886075949339
1	100.70886075949339
1	108.9863013698627
1	116.99999999999967
1	95.85542168674672
1	101.99999999999972
2	106.0799999999997
1	103.32467532467503
1	110.49999999999969
1	103.32467532467503
1	98.22222222222194
1	104.6842105263155
1	106.0799999999997
1	103.32467532467503
1	115.30434782608663
1	92.51162790697649
1	99.44999999999972
1	104.6842105263155
1	118.74626865671608
1	107.51351351351322
1	107.51351351351322
1	113.65714285714253
1	118.74626865671608
1	101.99999999999972
1	101.99999999999972
1	112.0563380281687
1	113.65714285714253
1	94.71428571428545
1	113.65714285714253
1	98.22222222222194
1	98.22222222222194
1	100.70886075949339
1	98.22222222222194
1	112.0563380281687
1	115.30434782608663
1	104.6842105263155
1	112.0563380281687
1	110.49999999999969
1	100.70886075949339
2	106.0799999999997
1	118.74626865671608
1	112.0563380281687
1	101.99999999999972
2	108.9863013698627
1	113.65714285714253
1	112.0563380281687
1	112.0563380281687
1	110.49999999999969
2	108.9863013698627
1	107.51351351351322
1	118.74626865671608
1	116.99999999999967
1	98.22222222222194
1	103.32467532467503
1	101.99999999999972
1	104.6842105263155
1	107.51351351351322
1	106.0799999999997
1	95.85542168674672
1	92.51162790697649
1	104.6842105263155
1	98.22222222222194
1	103.32467532467503
1	99.44999999999972
1	92.51162790697649
1	98.22222222222194
1	106.0799999999997
1	103.32467532467503
1	94.71428571428545
1	99.44999999999972
1	92.51162790697649
1	97.02439024390216
1	103.32467532467503
1	115.30434782608663
1	99.44999999999972
1	95.85542168674672
1	106.0799999999997
1	106.0799999999997
1	100.70886075949339
1	92.51162790697649
1	97.02439024390216
1	90.40909090909065
1	115.30434782608663
1	113.65714285714253
1	110.49999999999969
1	90.40909090909065
1	106.0799999999997
1	93.59999999999974
1	99.44999999999972
1	92.51162790697649
1	108.9863013698627
1	100.70886075949339
1	77.99999999999979
1	118.74626865671608
1	118.74626865671608
1	101.99999999999972
1	87.42857142857119
1	95.85542168674672
1	97.02439024390216
1	87.42857142857119
1	83.7473684210524
1	81.18367346938753
1	86.47826086956498
1	106.0799999999997
1	88.39999999999975
1	83.7473684210524
1	100.70886075949339
1	82.87499999999977
1	82.87499999999977
1	82.0206185567008
1	81.18367346938753
1	77.24271844660173
1	88.39999999999975
1	90.40909090909065
1	79.55999999999977
1	85.54838709677395
1	94.71428571428545
1	107.51351351351322
1	93.59999999999974
1	81.18367346938753
1	95.85542168674672
1	78.77227722772255
2	80.36363636363613
1	82.87499999999977
1	83.7473684210524
1	73.66666666666646
1	86.47826086956498
1	82.87499999999977
1	79.55999999999977
2	92.51162790697649
1	91.44827586206871
1	93.59999999999974
1	82.87499999999977
1	75.0566037735847
1	84.63829787234019
1	86.47826086956498
1	86.47826086956498
1	80.36363636363613
1	107.51351351351322
1	108.9863013698627
2	79.55999999999977
1	79.55999999999977
1	88.39999999999975
1	91.44827586206871
1	103.32467532467503
1	84.63829787234019
1	86.47826086956498
1	91.44827586206871
1	108.9863013698627
1	100.70886075949339
1	116.99999999999967
1	115.30434782608663
1	116.99999999999967
1	106.0799999999997
1	84.63829787234019
1	81.18367346938753
1	86.47826086956498
2	77.24271844660173
1	79.55999999999977
1	82.0206185567008
1	108.9863013698627
1	98.22222222222194
1	91.44827586206871
2	110.49999999999969
1	81.18367346938753
1	79.55999999999977
1	100.70886075949339
1	87.42857142857119
1	94.71428571428545
1	78.77227722772255
1	80.36363636363613
1	82.87499999999977
1	82.0206185567008
1	110.49999999999969
1	87.42857142857119
1	83.7473684210524
1	86.47826086956498
1	90.40909090909065
1	83.7473684210524
1	82.0206185567008
1	83.7473684210524
1	99.44999999999972
1	89.39325842696604
1	89.39325842696604
1	98.22222222222194
1	95.85542168674672
1	71.03571428571409
1	79.55999999999977
1	79.55999999999977
1	85.54838709677395
1	77.24271844660173
1	113.65714285714253
1	97.02439024390216
1	106.0799999999997
1	108.9863013698627
1	86.47826086956498
1	81.18367346938753
1	84.63829787234019
1	95.85542168674672
1	107.51351351351322
1	97.02439024390216
2	91.44827586206871
1	88.39999999999975
1	88.39999999999975
1	91.44827586206871
1	79.55999999999977
1	78.77227722772255
1	82.87499999999977
1	101.99999999999972
1	95.85542168674672
1	107.51351351351322
1	92.51162790697649
1	89.39325842696604
1	97.02439024390216
1	101.99999999999972
1	100.70886075949339
1	98.22222222222194
2	110.49999999999969
1	107.51351351351322
2	99.44999999999972
1	104.6842105263155
1	104.6842105263155
1	116.99999999999967
1	98.22222222222194
2	112.0563380281687
1	107.51351351351322
1	90.40909090909065
2	100.70886075949339
1	86.47826086956498
1	85.54838709677395
1	95.85542168674672
1	98.22222222222194
1	86.47826086956498
1	91.44827586206871
1	101.99999999999972
1	107.51351351351322
1	104.6842105263155
1	98.22222222222194
1	94.71428571428545
1	103.32467532467503
1	103.32467532467503
1	103.32467532467503
1	88.39999999999975
1	91.44827586206871
1	92.51162790697649
1	101.99999999999972
1	92.51162790697649
1	90.40909090909065
1	86.47826086956498
1	91.44827586206871
1	86.47826086956498
1	90.40909090909065
2	90.40909090909065
1	84.63829787234019
1	110.49999999999969
1	103.32467532467503
1	88.39999999999975
1	92.51162790697649
2	106.0799999999997
1	94.71428571428545
1	93.59999999999974
1	98.22222222222194
1	104.6842105263155
1	98.22222222222194
1	103.32467532467503
1	101.99999999999972
1	107.51351351351322
2	106.0799999999997
1	113.65714285714253
1	100.70886075949339
1	101.99999999999972
2	106.0799999999997
1	115.30434782608663
1	113.65714285714253
1	116.99999999999967
1	103.32467532467503
1	83.7473684210524
1	95.85542168674672
1	104.6842105263155
1	95.85542168674672
1	98.22222222222194
1	104.6842105263155
1	82.87499999999977
1	118.74626865671608
1	94.71428571428545
1	94.71428571428545
1	84.63829787234019
2	103.32467532467503
2	99.44999999999972
1	82.0206185567008
2	94.71428571428545
1	86.47826086956498
1	90.40909090909065
1	93.59999999999974
1	97.02439024390216
1	100.70886075949339
1	84.63829787234019
1	82.0206185567008
1	84.63829787234019
1	100.70886075949339
1	98.22222222222194
1	98.22222222222194
1	86.47826086956498
2	91.44827586206871
1	81.18367346938753
1	79.55999999999977
1	81.18367346938753
1	86.47826086956498
1	86.47826086956498
1	97.02439024390216
1	97.02439024390216
1	100.70886075949339
1	103.32467532467503
1	97.02439024390216
1	99.44999999999972
1	88.39999999999975
1	78.77227722772255
1	83.7473684210524
1	83.7473684210524
1	92.51162790697649
1	82.87499999999977
1	91.44827586206871
1	91.44827586206871
1	94.71428571428545
1	89.39325842696604
1	112.0563380281687
3	116.99999999999967
1	115.30434782608663
2	108.9863013698627
2	108.9863013698627
1	94.71428571428545
1	93.59999999999974
2	99.44999999999972
1	81.18367346938753
1	79.55999999999977
1	80.36363636363613
1	90.40909090909065
1	107.51351351351322
1	112.0563380281687
1	99.44999999999972
1	94.71428571428545
1	93.59999999999974
1	89.39325842696604
1	82.87499999999977
1	100.70886075949339
1	94.71428571428545
1	95.85542168674672
1	86.47826086956498
1	88.39999999999975
2	97.02439024390216
1	97.02439024390216
1	90.40909090909065
1	89.39325842696604
1	79.55999999999977
1	84.63829787234019
1	79.55999999999977
1	97.02439024390216
2	93.59999999999974
1	93.59999999999974
1	91.44827586206871
1	99.44999999999972
1	92.51162790697649
1	113.65714285714253
1	104.6842105263155
1	90.40909090909065
1	93.59999999999974
1	106.0799999999997
1	103.32467532467503
1	92.51162790697649
1	97.02439024390216
1	89.39325842696604
1	83.7473684210524
1	77.24271844660173
1	90.40909090909065
1	98.22222222222194
1	92.51162790697649
1	95.85542168674672
1	97.02439024390216
1	100.70886075949339
1	101.99999999999972
1	91.44827586206871
1	91.44827586206871
1	89.39325842696604
1	98.22222222222194
1	86.47826086956498
2	100.70886075949339
1	86.47826086956498
1	94.71428571428545
1	113.65714285714253
1	95.85542168674672
1	100.70886075949339
1	92.51162790697649
3	115.30434782608663
3	112.0563380281687
1	94.71428571428545
3	103.32467532467503
3	118.74626865671608
1	106.0799999999997
1	104.6842105263155
1	91.44827586206871
2	94.71428571428545
1	82.87499999999977
1	107.51351351351322
1	100.70886075949339
3	114.3243243243244
3	108.46153846153854
3	104.44444444444451
3	104.44444444444451
3	105.75000000000007
3	105.09316770186342
3	98.9473684210527
3	102.54545454545462
3	107.08860759493678
3	96.68571428571435
3	96.1363636363637
3	100.71428571428578
3	96.1363636363637
3	97.80346820809255
3	91.45945945945952
3	87.21649484536088
2	109.16129032258071
3	91.9565217391305
3	87.66839378238348
3	89.52380952380959
2	102.54545454545462
3	95.59322033898312
3	85.45454545454551
3	91.9565217391305
3	79.81132075471703
3	82.53658536585371
2	94.52513966480453
3	73.88646288209611
2	85.88832487309651
3	79.06542056074771
3	81.3461538461539
3	73.5652173913044
3	75.20000000000005
3	79.06542056074771
3	82.94117647058829
2	69.34426229508202
3	79.43661971830991
4	84.60000000000005
4	82.53658536585371
3	75.87443946188345
4	108.46153846153854
3	73.5652173913044
3	88.58638743455504
3	86.76923076923083
3	87.21649484536088
3	92.45901639344268
3	89.52380952380959
4	112.0529801324504
3	92.45901639344268
2	77.9723502304148
3	77.9723502304148
4	68.22580645161295
3	74.53744493392075
3	79.43661971830991
2	67.95180722891571
2	68.22580645161295
2	80.57142857142863
3	71.39240506329119
3	82.53658536585371
2	88.12500000000006
3	73.2467532467533
3	75.20000000000005
3	74.8672566371682
4	72.618025751073
2	115.89041095890418
3	85.02512562814076
3	103.17073170731715
4	76.21621621621627
3	76.56108597285073
3	75.87443946188345
2	74.8672566371682
2	83.34975369458134
3	88.12500000000006
3	75.53571428571433
3	71.69491525423733
4	87.66839378238348
4	81.3461538461539
3	71.09243697478996
3	77.9723502304148
3	77.26027397260279
3	76.21621621621627
2	90.48128342245995
3	84.60000000000005
3	80.57142857142863
3	81.3461538461539
3	84.179104477612
4	73.2467532467533
2	79.43661971830991
2	75.53571428571433
3	72.93103448275866
3	70.2074688796681
2	68.50202429149802
4	63.134328358209
4	64.8275862068966
3	82.53658536585371
4	89.05263157894743
3	86.32653061224495
4	110.58823529411772
2	86.32653061224495
4	98.9473684210527
3	97.80346820809255
4	90.00000000000006
3	92.45901639344268
3	101.92771084337356
3	98.37209302325589
2	115.89041095890418
3	97.2413793103449
4	112.80000000000007
3	107.08860759493678
3	108.46153846153854
4	110.58823529411772
3	109.16129032258071
3	112.0529801324504
3	110.58823529411772
4	114.3243243243244
3	117.50000000000007
3	112.0529801324504
3	115.89041095890418
3	118.3216783216784
3	115.1020408163266
3	103.17073170731715
3	117.50000000000007
3	112.0529801324504
3	115.89041095890418
3	99.52941176470596
4	96.1363636363637
3	109.87012987012994
3	112.0529801324504
3	109.87012987012994
3	97.80346820809255
4	109.87012987012994
4	111.31578947368429
4	92.45901639344268
3	110.58823529411772
3	97.80346820809255
4	97.80346820809255
3	98.37209302325589
3	96.68571428571435
3	98.9473684210527
3	96.1363636363637
3	96.68571428571435
3	91.9565217391305
4	91.9565217391305
4	94.00000000000006
3	98.37209302325589
3	105.75000000000007
4	94.00000000000006
3	90.48128342245995
4	91.9565217391305
4	89.05263157894743
4	87.66839378238348
4	97.2413793103449
3	90.48128342245995
4	103.17073170731715
4	86.32653061224495
3	96.1363636363637
4	109.87012987012994
3	94.00000000000006
4	93.48066298342547
4	100.11834319526633
4	101.92771084337356
4	101.92771084337356
4	95.59322033898312
3	94.52513966480453
3	96.1363636363637
3	89.05263157894743
3	90.96774193548393
4	98.9473684210527
4	103.17073170731715
3	100.71428571428578
4	116.68965517241386
3	90.96774193548393
3	94.52513966480453
4	105.09316770186342
3	94.00000000000006
3	105.75000000000007
3	100.71428571428578
3	97.80346820809255
3	99.52941176470596
4	112.80000000000007
3	94.00000000000006
3	93.48066298342547
3	108.46153846153854
3	109.16129032258071
3	108.46153846153854
3	104.44444444444451
3	110.58823529411772
3	115.89041095890418
4	113.55704697986585
3	118.3216783216784
3	100.11834319526633
3	105.75000000000007
3	94.00000000000006
3	119.15492957746487
3	112.0529801324504
3	118.3216783216784
3	117.50000000000007
4	109.87012987012994
4	100.11834319526633
3	109.16129032258071
4	119.15492957746487
4	105.09316770186342
3	112.0529801324504
3	94.00000000000006
3	94.52513966480453
4	102.54545454545462
3	103.80368098159516
3	92.96703296703303
3	96.68571428571435
3	102.54545454545462
3	119.15492957746487
3	112.0529801324504
3	110.58823529411772
3	115.1020408163266
3	112.80000000000007
3	112.80000000000007
3	113.55704697986585
3	116.68965517241386
3	89.05263157894743
3	98.9473684210527
3	112.0529801324504
3	107.77070063694275
3	117.50000000000007
3	119.15492957746487
3	110.58823529411772
3	107.08860759493678
3	114.3243243243244
3	114.3243243243244
3	115.89041095890418
3	105.75000000000007
3	118.3216783216784
3	108.46153846153854
3	107.77070063694275
3	113.55704697986585
3	110.58823529411772
3	113.55704697986585
3	117.50000000000007
3	106.41509433962271
3	119.15492957746487
3	115.1020408163266
3	116.68965517241386
3	118.3216783216784
3	115.89041095890418
3	111.31578947368429
3	94.52513966480453
3	99.52941176470596
3	96.1363636363637
2	112.80000000000007
3	97.80346820809255
3	90.96774193548393
3	92.45901639344268
3	110.58823529411772
3	109.16129032258071
2	93.48066298342547
2	108.46153846153854
2	105.09316770186342
2	90.96774193548393
2	69.06122448979596
4	60.27096774193546
2	117.5094339622641
3	113.23636363636359
2	109.90588235294113
3	104.96629213483142
2	84.54298642533934
3	117.5094339622641
2	84.9272727272727
2	92.49504950495046
1	100.45161290322577
1	105.55932203389827
1	102.65934065934061
2	104.37988826815638
4	95.32653061224487
4	90.26086956521736
2	108.62790697674414
1	116.77499999999995
1	102.65934065934061
1	109.90588235294113
1	116.04968944099375
4	108.62790697674414
1	116.04968944099375
1	116.77499999999995
1	118.25316455696198
4	116.04968944099375
4	108.62790697674414
4	119.00636942675155
2	111.88023952095804
2	98.33684210526312
2	110.55621301775143
2	117.5094339622641
2	108.62790697674414
4	107.37931034482754
4	103.79999999999995
4	118.25316455696198
2	112.55421686746983
2	115.33333333333329
2	119.76923076923072
2	107.37931034482754
2	115.33333333333329
2	102.09836065573766
2	96.80829015544037
2	105.55932203389827
2	79.50638297872337
