00f9fe19a994310b952df649f8495198_02_K16	10	79.62	097500	096350
01a4fa096bf2b51e52f871b164a85127_02_K16	18	72.63	097500	096350
01d2a634be71fabf58770d4294baf871_02_K16	12	63.69	097500	096350
0202dd4f7ffe625aa695a92cff423038_02_K16	06	66.77	097500	096350
02447a4bfa7e2a8036f6b89c953b3015_02_K16	09	79.62	097500	096350
02772bcd059a96950e9470ae93658f8e_02_K16	05	81.18	097500	096350
02f6540d63a89d09772dbaa2de732957_02_K16	18	69.0	097500	096350
03d9782bb1a8cf2e48dc7ed9e594dbf1_02_K16	18	81.18	097500	096350
03f8ee001818cfa6f7ff5b0fc296e435_02_K16	10	64.69	097500	096350
042d0498a909bcdc53f5cf6cc44d31b4_02_K16	14	69.0	097500	096350
051defe7c85f58c0bf2eba20898acffe_02_K16	05	73.93	097500	096350
0575a8496263b5d5b12f49bfd7229524_02_K16	15	70.17	097500	096350
06bc1e71f3d98cbe751e5abe73094857_02_K16	13	78.11	097500	096350
06d86f191e29c16b54bd09abfae72583_02_K16	14	75.27	097500	096350
071792ea7a96715e096dfa003cc8dffd_02_K16	14	62.73	097500	096350
0738563288ba274704b8e2bc3fa21624_02_K16	11	69.0	097500	096350
075909909f1b5c9456ad1e6f59751166_02_K16	08	81.18	097500	096350
075c77c29dbb77b41eb1fd198c75763c_02_K16	12	75.27	097500	096350
09a377a1dcf1d0c3cade691ce381f4b8_02_K16	08	75.27	097500	096350
0ae850426fc17edc52676b43cd2a6a98_02_K16	09	73.93	096350	097500
0b3483e70d0c8fe44b984ddd274f6780_02_K16	07	65.71	097500	096350
0b8171c0fe161201f4cca82ffa0887e2_02_K16	13	62.73	097500	096350
0c29c6651fdae00573d48c9bdcf2505f_02_K16	12	71.38	097500	096350
0ce4c351f7fae73f62771d52790b1746_02_K16	12	66.77	097500	096350
0ce70d5eea7b39223920e8c52ca35a83_02_K16	12	60.0	097500	096350
0da50a653b123a7e898cbaa39a6f5f1b_02_K16	05	67.87	097500	096350
0ec776d71d4de672705b0a69cf1c354e_02_K16	12	64.69	097500	096350
0ef34ba5f2ef2f0b1013c2dd403129d1_02_K16	10	71.38	097500	096350
0f020434e9004f572ae5f395995bdf09_02_K16	13	76.67	097500	096350
0f2667f04ce73a2a3ad6bcdf998ada62_02_K16	18	60.0	097500	096350
110bb723356061c141aeda94f3d1d868_02_K16	12	75.27	097500	096350
11425e122af156d357151931514e99f3_02_K16	10	70.17	097500	096350
11926fc9fd25e037d37e2356de7cc64d_02_K16	14	64.69	097500	096350
119c8519589bf4a5b4ef6abc8400d8ef_02_K16	14	84.49	097500	096350
120ed30d236180a4ec935f2109814509_02_K16	13	69.0	097500	096350
12d6f257809e0bc25b2b938407e8b4bf_02_K16	12	73.93	097500	096350
13449a7c537e5f2ba1d56f6d0950907d_02_K16	14	79.62	096350	097500
136fc2a54ac66b8dd15b3fbef9c36b29_02_K16	09	72.63	097500	096350
1392fe2fbfeeebb740a1661147702210_02_K16	18	75.27	097500	096350
13fd0387ed399e1e06fe8e0f51f262e7_02_K16	06	79.62	097500	096350
14c2283e6316857aa9451bca8b533c11_02_K16	05	79.62	097500	096350
14cd486b71bd8ebcd4a1487217b4366f_02_K16	17	64.69	097500	096350
152c6dc206b31118fa9f525949ea25e6_02_K16	18	71.38	097500	096350
15973a16d67ff7ce848669dadf84ef89_02_K16	12	71.38	097500	096350
176cc08b7f3c92907840b9d5753f985c_02_K16	07	71.38	097500	096350
192432d3768d201682f1d57a75da9586_02_K16	02	71.38	097500	096350
19fba058479f9ae02dc059f2aed5f663_02_K16	10	78.11	097500	096350
1a83867452fd3765057983f3c3e8f2e5_02_K16	05	72.63	097500	096350
1b108a21b9d7f2c0d00b79bfe4c30257_02_K16	08	62.73	097500	096350
1b71eefaf860584eca7e940a39265c8f_02_K16	07	72.63	097500	096350
1c89254be802e16a0176ceaebf7463a5_02_K16	05	69.0	097500	096350
1cc3d48ec0510c1ba0d629618f2efb8b_02_K16	18	73.93	097500	096350
1cd2978e796bc58283fc716cfdcb50e5_02_K16	17	69.0	097500	096350
1cd5be47a06fe99349a9fb26f9f59378_02_K16	08	71.38	097500	096350
1d9e023e8895f3c676f4454886341066_02_K16	09	70.17	097500	096350
1db03d300006f3bfe45158cebf558a9e_02_K16	10	82.8	097500	096350
1eb7712745595ad2a566e1f348144158_02_K16	13	75.27	097500	096350
1ed92944ea4d2073f40d72ecee569caa_02_K16	08	78.11	097500	096350
1f4c73cd5529e2d1ebbb94521ad1ed95_02_K16	14	75.27	097500	096350
23124e179047c83209ef6024345edc5a_02_K16	11	75.27	097500	096350
2362866cebe7b2b7fef09bbfc9ace5bb_02_K16	15	61.79	097500	096350
24a17a0803554e3e252bf1c071a8735c_02_K16	12	72.63	097500	096350
257383049247fc2ad03a651699385a73_02_K16	10	67.87	096350	097500
25d5a89252bcb3e90cc11d67c816fce7_02_K16	05	62.73	097500	096350
25ec862117276ae6d8921f1d79d56132_02_K16	09	66.77	096350	097500
26cc46ef8e2e599739db7bb2fc9a6da2_02_K16	06	70.17	097500	096350
26cdde82b7437843f022b1fc14bfe2bf_02_K16	13	73.93	097500	096350
277245856d486df4e27dbf07c50c6187_02_K16	05	63.69	097500	096350
27ea3b421797c854f0b5ac8c453f3b9c_02_K16	11	70.17	097500	096350
2a03b8c8f55dd8319841d8cb32c178e9_02_K16	17	75.27	096350	097500
2a4df1ac228dcdefd44e9ce1c49e125a_02_K16	12	86.25	097500	096350
2a9c60ddf4fff18205e6c039bc0e7066_02_K16	13	67.87	097500	096350
2abafb0741b06b813ccb07c52e1dbf15_02_K16	08	81.18	096350	097500
2ae67bcc6cf29d80577e6ad042d2c882_02_K16	05	65.71	097500	096350
2ae73cf89c6447562a6ea7aef2a3a99f_02_K16	13	67.87	097500	096350
2c199f98dca3c77a3b1ff646858659e7_02_K16	13	75.27	097500	096350
2cfd290883dc7f0c0a9f898ff616cd5e_02_K16	10	66.77	097500	096350
2cfd3071576479a3de25562b5b4e017a_02_K16	13	71.38	097500	096350
2d8371805af61c50913c0cef810c0eb7_02_K16	17	66.77	097500	096350
2d9c11b0b24dcd161545251c6b6ec50d_02_K16	11	70.17	097500	096350
2dd0c8178b472687f8a6821c78285b0a_02_K16	14	76.67	097500	096350
2df613fb665a465782d2e7df76e582a2_02_K16	12	69.0	096350	097500
2e8e12316ac11cb0e24cfe24c77b9271_02_K16	08	69.0	097500	096350
32430dab2f1f83e27c78482e6e60be2e_02_K16	09	71.38	097500	096350
3288d20831b57c8480f82b65d038a81f_02_K16	17	72.63	097500	096350
330ef0da852f6d932c03c64d02e91a4e_02_K16	05	65.71	097500	096350
331a9c734656a59917d5ab0ee2fb3601_02_K16	13	71.38	097500	096350
33fb3d5d821a427515396dd127d33231_02_K16	07	63.69	097500	096350
341787c783d718631ddc4b39da834637_02_K16	07	66.77	097500	096350
34ab3b2d51739b5b020be08677c99244_02_K16	18	62.73	097500	096350
34d64275a6a4b2c41085c8d01a93fa80_02_K16	18	61.79	097500	096350
34ea74f110a69552f005697c6215d4d1_02_K16	17	69.0	097500	096350
351a54fbf97655601c832c43a5e1b8cb_02_K16	17	62.73	097500	096350
3683c4603b94570e82c3eae7b12d1739_02_K16	13	69.0	097500	096350
36daaf8dde6aec5390d07ab2456baf0e_02_K16	18	64.69	097500	096350
370cc66a5bfc30bb61041e06c0bc3f95_02_K16	06	76.67	097500	096350
371859cae1be6c480a85ee6351b8daf4_02_K16	12	72.63	096350	097500
376fad04f715e0dcb4933b6d3d66fcd6_02_K16	15	76.67	096350	097500
38a25d35791ff0c51433a30e7af7a681_02_K16	09	73.93	097500	096350
3a33e824bf14ee49d749cc3fea3c828b_02_K16	15	60.0	097500	096350
3b45e487776681c12cbb8992a5787b44_02_K16	12	82.8	097500	096350
3bb708b09e6508c4fb9a1393885f3f4a_02_K16	11	76.67	097500	096350
3bc9a850967b9838d9c5db141fd63843_02_K16	11	73.93	097500	096350
3c72180b368a0babfa8bf32a80cb311e_02_K16	10	72.63	097500	096350
3c750d6b39c79ee9e851e0569c2df806_02_K16	13	71.38	097500	096350
3cd4ea0e3b7301babc6abbb4474327eb_02_K16	18	81.18	097500	096350
3cda177525917a247667ec79db73c8e6_02_K16	09	67.87	097500	096350
3d3c5b75d58c3693a03efcd3ad429f7d_02_K16	09	67.87	097500	096350
3d94a038f077c4566c9d36573951def7_02_K16	09	67.87	097500	096350
3db5997eaa40bce936c2c016f203bdd8_02_K16	18	71.38	097500	096350
3dd541687f2b9d869daf9887f6e97410_02_K16	12	75.27	097500	096350
3e77fcb995257b481a712513209b922f_02_K16	11	66.77	097500	096350
3ed996542a88a150eed2bb50f916bcff_02_K16	06	75.27	097500	096350
3f6e11cf0e311c0dbc83b8e35431afc5_02_K16	06	66.77	096350	097500
4008e57e209beb35e575c9ec7b9a72d5_02_K16	12	71.38	097500	096350
40d4e026be0e234a26deac1b465e15cb_02_K16	07	71.38	097500	096350
40fb62cf371f902ef224553618ae219a_02_K16	18	70.17	097500	096350
41a082b0a5dc6ad5a0e1796b27671654_02_K16	17	67.87	097500	096350
41e6d946031054a8d51a9a47dce98571_02_K16	07	69.0	097500	096350
41ea21f9655d1a74e7af6a1a27b0439a_02_K16	05	62.73	097500	096350
4226a458fc912455b9676ce473e7f560_02_K16	10	60.0	097500	096350
423a66083f84427fe9779fe1be83b493_02_K16	11	69.0	097500	096350
4310e0e2e8094262225b51dd9741c994_02_K16	07	76.67	097500	096350
431ec93e11a3c435dd6ca095cc020509_02_K16	14	65.71	097500	096350
432b0b064bf8c6e0489938dbf2d0b070_02_K16	18	66.77	097500	096350
433ee713a7a9c67130da6c468fd0ad3e_02_K16	13	86.25	096350	097500
4342a7dc4062a9ed842a852ae302a03c_02_K16	11	61.79	097500	096350
434778027c2a50ed964e7896d04ea735_02_K16	14	94.09	097500	096350
445b4aa21f689532676745d5747faaa4_02_K16	14	76.67	097500	096350
44a3388197751439fc64e7580d13469b_02_K16	06	61.79	097500	096350
457852f2403388d93978ca9e7a2ed39f_02_K16	09	66.77	097500	096350
457afb88f1f57fb2fcb2329732ee5df2_02_K16	12	73.93	096350	097500
45b5b7c8de0023e9d45158acee51ad7d_02_K16	18	78.11	097500	096350
4615ffb819359b6ca4fce3898b41cf5d_02_K16	12	69.0	096350	097500
4617fd5368c5c6ccb9d5fdb671a05a4c_02_K16	18	64.69	097500	096350
465cc4dc88dafbb1681fbae3f495e6c5_02_K16	23	62.73	097500	096350
46d676677a6b9fde86b728b193ba8df3_02_K16	15	78.11	097500	096350
47bfe527a8d7b4b822c35adfa8cc32f7_02_K16	07	76.67	096350	097500
489d7993f3dd38e18903d7ecfa11cd4a_02_K16	09	66.77	097500	096350
48fb57c6660f50e98e1a59716724088c_02_K16	14	86.25	097500	096350
490c1377ff5ce0104dc7591f0def49e8_02_K16	10	70.17	097500	096350
499c06927741e9b57aa665c1a6c90bcf_02_K16	06	72.63	097500	096350
49f6241110c50908e8fd96d98e3a891f_02_K16	05	79.62	097500	096350
4ae5914f40615ebf153dc533ed0f46c6_02_K16	08	75.27	097500	096350
4b495663ed65e0be53f5798e80a69577_02_K16	06	73.93	097500	096350
4b556afe92cf6047312e09ae6a08cb35_02_K16	16	60.88	097500	096350
4b8372a44804aff8a65abdbe4c6249d3_02_K16	13	75.27	097500	096350
4c2606b6ed55d3a2afa6b8cfe735147b_02_K16	08	78.11	096350	097500
4c484d91b70dbaf16d538686923c551f_02_K16	05	75.27	097500	096350
4c5f1ff82cb8f1dd44eb42cf59862ed8_02_K16	14	66.77	097500	096350
4cb750e9f00809564632b6e96e67b542_02_K16	10	69.0	097500	096350
4cde96808d0a1f37ba9f14bb27086667_02_K16	08	66.77	097500	096350
4cf299fff3052d3615dcc7618b96214f_02_K16	13	86.25	097500	096350
4d1fdfad728f25f8c24d7e2ae435d2e2_02_K16	18	82.8	097500	096350
4d7c7bc3683ee85a76bd683ec261d9a2_02_K16	14	64.69	096350	097500
4df476c63a90cda3b814121578678dc7_02_K16	11	79.62	097500	096350
4f0445e6a9bff6bb7e6c1ebb5c57c100_02_K16	13	70.17	097500	096350
4f41b52dea9cdb7436cab7d7c5735208_02_K16	07	67.87	096350	097500
4f68cf85be7cd098e660d1ce6e96fd84_02_K16	12	75.27	097500	096350
500b1d5d820e9044282a70c07b08441e_02_K16	12	69.0	097500	096350
50888f8cbb0378fcb68714870e30de4f_02_K16	11	73.93	096350	097500
508cce8af48f4bcdebbac3c6c59a4efc_02_K16	12	60.88	096350	097500
50d84b05f99f669e461117687157651f_02_K16	13	63.69	097500	096350
511ec4b06c19df2fc42a53161decb47a_02_K16	11	76.67	097500	096350
518051d9fdd7a30b3aa58d575658a4b2_02_K16	07	69.0	097500	096350
529e5a31b319c11dcafa2ecf55eb51b5_02_K16	05	69.0	097500	096350
531afacff2ae438c9bd6863bf195556c_02_K16	17	66.77	097500	096350
53db489a11f094313aa2058adc01b8aa_02_K16	10	79.62	097500	096350
54063413816c92de2ccde0349628df19_02_K16	06	86.25	097500	096350
546c21c015ad150849ec2383e391d369_02_K16	14	82.8	097500	096350
5504a1303d35b1eb2a37061910f42562_02_K16	05	73.93	096350	097500
5510f9228d5199f959d2d6abfe5ee607_02_K16	11	72.63	097500	096350
55745ee95a72b17f133b974113611f1c_02_K16	15	60.0	097500	096350
55a4d5f6eaac1d74f8757c17a3cefb3e_02_K16	15	72.63	097500	096350
560384a800445523ba4287146eff02a0_02_K16	13	63.69	097500	096350
56553620c03a98004c4d7f1ba6b3a54c_02_K16	13	70.17	097500	096350
56a37fa1d712984eb99e0bee2e1d9841_02_K16	15	66.77	097500	096350
573d418402e0dce90bdbebe883021c8d_02_K16	12	62.73	097500	096350
573e74ec24ef12865bcf5fba0e81c1e6_02_K16	07	63.69	097500	096350
575125990ba831e61ba246b88046c717_02_K16	09	66.77	097500	096350
57d484f07c0a9e8b9079f57a1eec6851_02_K16	05	76.67	097500	096350
57f2c6ffe8674c94652ecebd46c3d401_02_K16	08	62.73	097500	096350
58bdf086e6309fef7507e8e9bdb25b9e_02_K16	06	66.77	096350	097500
59b98fb9093f2cdb36297d2751c6790f_02_K16	15	61.79	097500	096350
5a16b9f402ce36f234959a1b2c6a02a7_02_K16	01	65.71	097500	096350
5a606b9aa22c97f438122419d424a515_02_K16	07	79.62	097500	096350
5a7b6053535b1088c03c9d7879f4a42d_02_K16	14	71.38	097500	096350
5b7eb0e11986af5dbe44cdbbeaa41acf_02_K16	08	60.88	097500	096350
5c0c5cf0dd77519ee3600070cb35a1f0_02_K16	13	64.69	097500	096350
5c54abb7d99f286fc453f4df76fb61a9_02_K16	11	60.0	097500	096350
5c822adcd48b2a2db862d30ab35bc1f4_02_K16	13	64.69	096350	097500
5d121b68a5934b8dfadebaa4a56fceeb_02_K16	10	62.73	097500	096350
5e33ca18c80b12b2de3012d2b490f65a_02_K16	06	65.71	097500	096350
5fbee8d05cf949a52d3ebed52a571caf_02_K16	13	67.87	097500	096350
600f422ca8a9471f48868961147354eb_02_K16	09	78.11	097500	096350
602bf97c831e2b259dca10d98a4ab276_02_K16	10	76.67	097500	096350
6041d172a52a390713ef002ae754422d_02_K16	13	69.0	097500	096350
60e3c59ee97439ddca96f226ce5555da_02_K16	06	81.18	097500	096350
60e6dc632efc9f0be1f0e5561b2d32e3_02_K16	12	81.18	097500	096350
60ea1ac63eeb53f9254c2ad1b03d852d_02_K16	14	60.88	097500	096350
6170370f8b39d634f3c0d4d54283749b_02_K16	12	67.87	097500	096350
62225eec1885e98036608048ff087b61_02_K16	18	60.0	097500	096350
63a6f3f2b5b47c4fcbf4e98b8f0dc969_02_K16	09	69.0	097500	096350
66308faf8b3b183f12af301f1fae5757_02_K16	06	67.87	096350	097500
66a69100a8c9582022a7458cadc7d649_02_K16	09	64.69	097500	096350
66e5884b09b9fc1f52460f4ee01b5e6b_02_K16	12	64.69	097500	096350
673717021cfd9a222257c370afb49953_02_K16	09	63.69	097500	096350
6786c77a4930c5235cd5c30b06d71383_02_K16	10	76.67	097500	096350
678760340a13df0cbb47642b3644b631_02_K16	07	69.0	097500	096350
67dba999a587b98fe9cb33264cdc92d8_02_K16	13	75.27	096350	097500
67eee9a11193feb0724080a73664128a_02_K16	13	75.27	097500	096350
683791ffe6f465e764aec0aab63a37fd_02_K16	18	69.0	097500	096350
688ae41acdbf3c335d9117d79ab8f2ac_02_K16	12	75.27	097500	096350
68be99f81b0bf076b75e60912031159b_02_K16	08	71.38	097500	096350
69012d5ca2fa0c4f247e60eaa4fac770_02_K16	05	65.71	097500	096350
696652f0abd80c2782b88d3d4a804c75_02_K16	13	79.62	097500	096350
6ae0f335db5493c8255e37b2bd855892_02_K16	12	67.87	097500	096350
6b9bb79a81a2fb7007cf06d9d7ecb61e_02_K16	14	63.69	096350	097500
6befa658b5803c7b554ca0b380416385_02_K16	10	71.38	097500	096350
6ca13a1aa3f76a90f8090e9b69f6572c_02_K16	05	69.0	096350	097500
6d797e0b47398b59fe5dabd60ffa8783_02_K16	06	75.27	097500	096350
6df66efa9123eefeccbf79537e0eeada_02_K16	14	63.69	097500	096350
6df9331337f349900566ea1e07ca30bd_02_K16	15	71.38	097500	096350
6ec99d9335cf97c0ba4b0d237fdb8ac2_02_K16	13	72.63	097500	096350
6f60ba91aebfaebf6d90657b6d008391_02_K16	13	69.0	097500	096350
6fcd91929f71abe9e5f832d4faff4101_02_K16	12	72.63	097500	096350
70353f5c2fded35f3194eacbc639c52d_02_K16	09	65.71	097500	096350
70382c506be9a93704c885e987885d22_02_K16	17	70.17	097500	096350
706312508c65263ee14f610184cc31f8_02_K16	07	76.67	097500	096350
7085d4594450dc286ab9be9e558f4bc4_02_K16	17	84.49	097500	096350
7149683c9cd0118a5599e8356652478a_02_K16	11	76.67	097500	096350
714e713b3202f32457a9b772145490b9_02_K16	14	79.62	097500	096350
727c3e98bd5fa3df2924c90f5f85e488_02_K16	12	66.77	097500	096350
72b7a48fdc21aa2501a18366072c8126_02_K16	07	65.71	097500	096350
72eb0bd07c9b91539091e84ec71dfffd_02_K16	11	66.77	097500	096350
7317fec55224d4fd8bb705b4953a3ead_02_K16	12	70.17	097500	096350
734d6285faed5d9188a9d59842a8db0e_02_K16	08	66.77	096350	097500
73724cb34ffe3ae6a88bf8f835e33976_02_K16	12	73.93	097500	096350
73dc2be57f099dba56deaa91abc4c4e0_02_K16	08	72.63	097500	096350
7487eeacf0d27b7fe9cdc593c1ae41fb_02_K16	08	69.0	097500	096350
74c35b51a78a27dbcec39887265b6946_02_K16	06	70.17	097500	096350
74d5a959a6b1dd152e5de9f6735184b7_02_K16	12	60.88	097500	096350
75f5ac4f6250dff4c9c274c26bcd6da2_02_K16	17	72.63	097500	096350
761dbaf6960f3dd164429a57c5f0f716_02_K16	14	64.69	097500	096350
768e7d8b4cd264101a13ae738a76a085_02_K16	14	82.8	097500	096350
76f55f94cf5d79738aac915f29354fc7_02_K16	13	75.27	097500	096350
76f6b3bc14b043b33527e9392c8dbdf6_02_K16	12	67.87	097500	096350
7961886c75ba65f14542b095bc7f788b_02_K16	13	61.79	096350	097500
79c3d2040b6f74674aecb0b82d350f78_02_K16	17	63.69	097500	096350
7a8ca0c99f0bff825c00e8770eaf828f_02_K16	17	65.71	097500	096350
7b275a2e0a10bb290231ef2f40da4585_02_K16	08	63.69	097500	096350
7b84c76738214def67fa5e4b77d08d50_02_K16	12	67.87	097500	096350
7b9882952265c56b40d07eff7d7bbcac_02_K16	14	71.38	097500	096350
7bd2db7b7a54c9b457a2017e25a485d4_02_K16	10	71.38	097500	096350
7c65786784573d24ef157727f0f615f9_02_K16	09	72.63	096350	097500
7c79911a8ac0f8c3f8b07c216b34cdc5_02_K16	05	81.18	097500	096350
7cb88b8c7e2f45329b37ca487f69c0f9_02_K16	15	76.67	097500	096350
7d95524404be3e6741f4ae5f79a091f9_02_K16	13	82.8	097500	096350
7ffd211a0e1895321a34ba521b628506_02_K16	18	67.87	097500	096350
80000310c838b712a96c5f1189c76dde_02_K16	09	78.11	097500	096350
80dab0dd8a9becfb6a7bc96a9de7c4ce_02_K16	11	75.27	097500	096350
816c395dd233a2629bc590fe1e12db4d_02_K16	17	64.69	096350	097500
81726534ca00bab6dbfc8494a2ef564a_02_K16	07	72.63	097500	096350
829e0b70eca0fc94191586afe22d869c_02_K16	08	75.27	096350	097500
835a18f505bf1bd95c53e0197acc1db8_02_K16	12	70.17	097500	096350
8378a39c6d08aad6ca2548deacf82489_02_K16	07	75.27	097500	096350
84143a7a543b7440f55a83ba1dece061_02_K16	07	71.38	097500	096350
84f3fa6991ead775c6735d741bf3c3f0_02_K16	14	65.71	097500	096350
85486ec3343036111e509dd8b1864170_02_K16	10	71.38	097500	096350
85ccd2b601b2e58f59cea97f21536ae4_02_K16	09	73.93	096350	097500
85ebc6c2926890a0b84e6fae6723eb9c_02_K16	14	61.79	097500	096350
85f8cc4676c5493c46d57e1227cb83aa_02_K16	11	71.38	097500	096350
86613cd616b9a27ff80798677363a833_02_K16	06	73.93	096350	097500
869fb22668b139683acc1764c3ae2d4f_02_K16	05	66.77	097500	096350
86d9b39e8fbe1f94f5bde929a89534ea_02_K16	13	78.11	097500	096350
884cf0fc8ca346811015217bbbf9d7d7_02_K16	14	76.67	096350	097500
888715934329512dc7914f61ab14b729_02_K16	20	69.0	097500	096350
88a4af7e7d7b595a374adbca10c3bae2_02_K16	13	88.09	097500	096350
88b729ae97e8cd5bbf95d3350ecbdf7b_02_K16	02	65.71	097500	096350
88edef6f6a81e7ecc769beb69d3770e5_02_K16	08	60.88	097500	096350
890e21e5c7706b46fe2d90fd6c6a5472_02_K16	12	71.38	097500	096350
89227a1c314d001c2caaeccd3151fcae_02_K16	16	73.93	097500	096350
89742e62ef0ae5e39eac738ee5caaba2_02_K16	11	75.27	097500	096350
8a20b0d6e8ebfb2bd3e58ad87303093f_02_K16	11	69.0	097500	096350
8aadd8720a0f5ebd25343dce4c9d48ad_02_K16	13	75.27	097500	096350
8b88473634567bfaebf09f1664abf1fa_02_K16	11	69.0	097500	096350
8c5033bab26163f6a99bf689b78bcd5a_02_K16	13	79.62	097500	096350
8ccb0de1c23d5efc7cdc978bad26eeec_02_K16	06	60.88	097500	096350
8df4cbbb5789122cec757edbaffceed3_02_K16	05	73.93	097500	096350
8e510c3f3e87b6a92ed05b09a5ce1208_02_K16	12	62.73	097500	096350
8ea648ca3e326cda417874502b039f8f_02_K16	05	63.69	097500	096350
8ef4f2f5962fe9df0a33577cd23b5973_02_K16	10	60.88	097500	096350
8f6e9934f8ef60b7b4ea77b9225dfa5f_02_K16	07	73.93	097500	096350
8fc406c34c68e42fce7f14424d31940b_02_K16	13	72.63	097500	096350
90ee819177a23eeb88e89c32c0708fb5_02_K16	13	72.63	097500	096350
9135010deddc6c08da8062c809af1ef8_02_K16	09	69.0	096350	097500
93280fee4a06b508928434c62fc8d25e_02_K16	18	84.49	097500	096350
936be63c6b8b9703e9b56c6f82bafa67_02_K16	14	65.71	097500	096350
93767948fead80e9d3d33e88e2a8ef64_02_K16	07	79.62	097500	096350
937ea99886d19682315fd398d1bd578f_02_K16	08	79.62	097500	096350
93ede2428b0c80f5cf7644236b3eb615_02_K16	11	63.69	097500	096350
94cf3ae6d88499d13da0f0854c0ee8fb_02_K16	09	73.93	097500	096350
951503e2cf22fd145f6b0357628c63f7_02_K16	17	65.71	096350	097500
959ca617a28fd44f2d1ce940ea07a27d_02_K16	17	75.27	097500	096350
95a096996dfb6fb828b89ab247f922b4_02_K16	11	66.77	097500	096350
95bc9f9da3be09c83ffc1c80749fcad7_02_K16	07	64.69	097500	096350
95ef6bb8d56f858de09498b027f24de2_02_K16	13	70.17	097500	096350
96b8c5ad2f897be31d19d2b6a62ed70e_02_K16	12	79.62	097500	096350
972b6fd79fb3729529be1fc49decfcfa_02_K16	09	64.69	097500	096350
972c53c0bb9de5a4f86e45ec699be782_02_K16	13	75.27	097500	096350
9731a2711ba417056a22033c4383137e_02_K16	13	60.88	097500	096350
97aa5f897bae3aecc18d81c10b6ac287_02_K16	07	61.79	097500	096350
987eb65f17ee103ccecd360dee4d8f02_02_K16	09	65.71	097500	096350
98b86eb3b00cc63a80ce14883d94cdd6_02_K16	12	92.0	097500	096350
9a012616021a2527c00d33e275f5ee03_02_K16	18	66.77	097500	096350
9a01a83233a47a025f983bf28e39d82a_02_K16	17	75.27	097500	096350
9a62e6e57f0e61f921c46293ec9945a3_02_K16	13	78.11	096350	097500
9aa38232e4264974490c5477169bf97a_02_K16	09	70.17	097500	096350
9b5978f34d9b01335b11ac779dc7cdb8_02_K16	07	79.62	097500	096350
9b63e70997f3a4397b74729d129e1e9f_02_K16	12	72.63	097500	096350
9b8ea9efe752dcb1c3f1c6623608bb04_02_K16	14	71.38	097500	096350
9bdbb095b9e944f5ffe124bb31e66eaf_02_K16	13	73.93	097500	096350
9c1684f9b88e79378e75289649cd7de1_02_K16	11	82.8	097500	096350
9c9ef3b0494705ac2682b6cb0f719a6a_02_K16	15	94.09	097500	096350
9cd4d3526edbf8ecea04c37967e8d60f_02_K16	05	62.73	097500	096350
9cf49d1fd6c2140bbb50788102eba02d_02_K16	12	66.77	096350	097500
9d8da7fe0f2f41cf7eb2542e7ca89c9c_02_K16	18	73.93	097500	096350
9e0f2cd34e1f7b1f45a4e41451c1fe76_02_K16	14	69.0	097500	096350
9e663f535e1b648cfe73a9dee14b346e_02_K16	10	71.38	097500	096350
9f31c701cc0b7976e31b6e0f8692254e_02_K16	08	70.17	097500	096350
a017d9e2ae34ee1b735db4f751888e9e_02_K16	14	82.8	097500	096350
a0f2b509f62db0f06d75ddfab580c31b_02_K16	12	60.88	097500	096350
a105770f9d97afc8ad60dde56ecc9630_02_K16	06	65.71	097500	096350
a2e56358de3bef0d47b53654a32af91a_02_K16	14	92.0	097500	096350
a31ce7ed819e7e0fc58b188375782e3d_02_K16	11	69.0	096350	097500
a4bcdfd20043dece041021460fc6d2b3_02_K16	14	71.38	097500	096350
a56e2085a02a4216396c5f1d8fb9f40d_02_K16	07	72.63	096350	097500
a59ac8e4bc1a449a7ca045c1b952ae0e_02_K16	19	62.73	097500	096350
a5c02d52fbb4c23e13af992efc1a8802_02_K16	08	71.38	097500	096350
a6683af1928dd1b4656423deb342509d_02_K16	10	65.71	097500	096350
a6698229870c6cbc1130338d69a92939_02_K16	06	65.71	097500	096350
a6db74408427ee23c52e4b1357e6c08b_02_K16	11	70.17	097500	096350
a848d19d5e6dcb3063c06b590baa1f87_02_K16	05	73.93	097500	096350
a89e2e43fd406ef38b6d505b12ad5490_02_K16	11	62.73	097500	096350
a8d280309623d1f05092c35efa1804ec_02_K16	03	66.77	097500	096350
a92f17870d6cce41a27a9567fb53516e_02_K16	12	73.93	097500	096350
a9f67bfc181042652e355ebc7cc61714_02_K16	12	64.69	096350	097500
aa2ffeb4d1cab538a4ca410c8406912d_02_K16	09	82.8	097500	096350
aab25ed1b0c0c5beaebb3d83c6dfb613_02_K16	10	78.11	097500	096350
ae2550777d11676b5e85a590bf66b70a_02_K16	06	65.71	097500	096350
ae985df5aa9db69653a52cfb767d09b7_02_K16	21	63.69	097500	096350
b00126a42abf52ed092812a59bb51219_02_K16	10	64.69	097500	096350
b129c2197ef932139710738bdaa2613c_02_K16	11	69.0	096350	097500
b1911a6035cdbd99d1c97c7525cc95df_02_K16	08	61.79	097500	096350
b278e70a1d448757263b7f8dae4518c3_02_K16	13	78.11	097500	096350
b36ddde3606350e4fe043b2bca941ada_02_K16	13	73.93	097500	096350
b37a57b216ff6bdbfef0ae6dc467a6d0_02_K16	11	70.17	097500	096350
b4217883e8f11dabbda2a3dafbc85027_02_K16	14	66.77	097500	096350
b4695c8d4bb08b1c8fdb83acb2c769f9_02_K16	21	62.73	097500	096350
b548c4bbdc36643a407d28efcadb0a37_02_K16	07	75.27	097500	096350
b5ce5b2468f0a0902147de3d935790e5_02_K16	12	75.27	097500	096350
b69a4372a9f5c55bf187e4fc92fb81f5_02_K16	11	76.67	097500	096350
b701abc766ae54e0c481be739652be4b_02_K16	06	64.69	097500	096350
b8bd56f60e0562c7e2c143e3e88e4ebc_02_K16	18	62.73	097500	096350
b8febeefbb32795c7d8441c6ae63eb95_02_K16	00	61.79	097500	096350
b97bc3c9d56be71e84b832617ac71708_02_K16	10	76.67	097500	096350
b9acbeb4cca29363ccc8028cdef12cd0_02_K16	18	73.93	097500	096350
bae4ab2bcb4c743944602f639e823948_02_K16	10	66.77	096350	097500
bba10bc5890bad26553ed550833c0d47_02_K16	17	71.38	097500	096350
bc2fcab35535461ca16da168b67098b9_02_K16	14	62.73	096350	097500
bc95c8734265d70017cfc087dfa1e706_02_K16	08	70.17	097500	096350
bcdd755ba5157caa40b696bcdcd86d7b_02_K16	07	70.17	097500	096350
bd318b1add8efbef6232d98f6a444e16_02_K16	14	79.62	097500	096350
bd3b48569f165be56915c8f92e978299_02_K16	18	65.71	097500	096350
bd947e823dc2b34c726dca7539a71114_02_K16	17	66.77	097500	096350
be318996ab8c9f73da346b45d6efa27b_02_K16	09	70.17	097500	096350
be40e64e63e6d029b5ff54e1f9f8fdfb_02_K16	07	72.63	097500	096350
bed4c84b4c2998d5eed19409b5318f6f_02_K16	12	69.0	097500	096350
bed5397bcf1b94978c78d401efd8fb16_02_K16	13	67.87	097500	096350
bf460c20e5c7378be3c27932be6e89d8_02_K16	09	71.38	097500	096350
bf9a5b0181e7c2bfd989cdc0946b63ea_02_K16	10	70.17	097500	096350
bfee482f7ea80c6240fb8644a47d11fe_02_K16	10	62.73	097500	096350
c0646314c6056f0d6c7c59c810ff297f_02_K16	12	66.77	097500	096350
c092871877f48e7f289875e1dad4e62f_02_K16	18	72.63	097500	096350
c0b2d355281024305ef26dcda5d51df9_02_K16	12	82.8	097500	096350
c101efcacfb366b94d5150a93e0a1762_02_K16	00	76.67	097500	096350
c238ba92e23d5ebaaa5d28ad1495cc39_02_K16	18	82.8	096350	097500
c2642dfe48fb7709f563b15449072d65_02_K16	04	64.69	097500	096350
c3488e6573fdba27252f2b319affce96_02_K16	13	72.63	096350	097500
c46392ec9b1f050b643f8685615cbb54_02_K16	14	73.93	097500	096350
c4c1f44ed6781fb0d7a688f440b2d4d5_02_K16	08	75.27	097500	096350
c58bd3318a80e8d13532aebda50e0611_02_K16	06	61.79	097500	096350
c61df113d34a271c9b7b0d6cbfd3717b_02_K16	05	62.73	097500	096350
c62f3ffbd2c78e92251ec794065d745d_02_K16	12	67.87	097500	096350
c70fe5dc0727e36ac5b70c0969435ffc_02_K16	12	76.67	097500	096350
c89cf19c8bc658bf86dbd64b0b3202b5_02_K16	17	75.27	097500	096350
c9e3031453206043ccc7f5268e4a3591_02_K16	17	76.67	097500	096350
ca96a93cada028cf71be65198fe443df_02_K16	13	76.67	097500	096350
cb04a016a98d3cf7e4773b76750f8431_02_K16	00	70.17	097500	096350
cbc4e1d2e205d9dcb923960ea83c055b_02_K16	10	66.77	097500	096350
cc5de700580670e0d8cf9bde39ad5ca8_02_K16	12	63.69	096350	097500
ccdea862ae1edc537b40b373fabe3798_02_K16	13	73.93	097500	096350
cd03497c74b7521d501dbbaafe6f06c2_02_K16	18	71.38	097500	096350
cd78d59f34c9bdb21a7da8fc188a46af_02_K16	11	63.69	097500	096350
cdaaa692db491d3901943c127033ad89_02_K16	12	76.67	097500	096350
ce58680344c95fb8fc2a8712acf2b1b2_02_K16	05	65.71	097500	096350
ceb6734cc3c8f404c0ca309f1ff581da_02_K16	19	73.93	097500	096350
d037ac6a61f7a1c632acdb0f3be0b06a_02_K16	09	73.93	097500	096350
d05c14e742b68e76357854f6e6ca3a89_02_K16	11	69.0	097500	096350
d1a01011d536bee90cd692c4ce7cd0df_02_K16	05	69.0	096350	097500
d20f7ebd552f7a217f0f394ca56b3f18_02_K16	15	60.0	097500	096350
d27f9912437c3ab315574157f22e6fd7_02_K16	11	75.27	097500	096350
d2d6b25afe8983483c2effe9ec786cb8_02_K16	15	71.38	097500	096350
d3959eb4be1ab02e538c057730bb1424_02_K16	06	64.69	097500	096350
d3a2a0149e16a61ac8ed63a27ca0852c_02_K16	18	65.71	097500	096350
d3ace45a81cf58566033834e7933bb55_02_K16	13	61.79	097500	096350
d3fbb5fe95a6c49ad711bc00f0349f5b_02_K16	05	82.8	097500	096350
d404101bc533c2c768dc1cdc9bc309bb_02_K16	09	67.87	097500	096350
d41b70d382a7085c21f7031d93c1aa3f_02_K16	12	64.69	097500	096350
d4a96a29777f22313fd94f86fa631941_02_K16	05	70.17	097500	096350
d50ec8f05edd28848aa1c2509cd9b028_02_K16	18	60.0	097500	096350
d5354ba86120a989b7c7eac6d25eb74f_02_K16	14	84.49	097500	096350
d685422194a49390398b1cb2ed718090_02_K16	09	75.27	097500	096350
d7f4197b9c90fc6e25f3896155bb2f83_02_K16	18	60.88	097500	096350
d86858ffd246233109c32f96111f0638_02_K16	18	73.93	097500	096350
d88452b3c623867a8fc6007cf073f2dd_02_K16	11	66.77	097500	096350
d92d1579074b3aa73e19dea65498de31_02_K16	13	78.11	097500	096350
d976363593933fda5730e5ce8ae29a24_02_K16	05	65.71	097500	096350
d982416dc25a62b2902725445ada40a8_02_K16	13	73.93	097500	096350
d9d3d9a02686b9f68a3bf5e936576e47_02_K16	13	67.87	097500	096350
da561a0d97173a8d24520000f9d0151d_02_K16	12	73.93	097500	096350
da6be45c4d0ec7aa613f1bbed8e09e30_02_K16	11	82.8	097500	096350
dacf1fe0739d037f8a34c36e74e7e6e8_02_K16	11	73.93	097500	096350
dae4d0ed331ee443ac219d1e37d19086_02_K16	17	67.87	097500	096350
dbb30d3c593cd5520a7eac55c46e8cfa_02_K16	21	67.87	097500	096350
dcc537fe905596a987810620b5f352e3_02_K16	06	78.11	097500	096350
dd66a90df0f291921b47619c0e6359f0_02_K16	15	70.17	096350	097500
dd78e0c1f9eb9e261d7f38d47d98ba14_02_K16	14	71.38	097500	096350
dea100ecde4930020bcd0972390acaf6_02_K16	06	69.0	097500	096350
e06d224ca3a58679186e6db2b025b927_02_K16	11	70.17	097500	096350
e0a1588507568659c9de3313b4b859fc_02_K16	08	73.93	097500	096350
e0b897944eca5f06e05dbcb2bbbf0d20_02_K16	08	64.69	097500	096350
e1ae5bcbef1abfa8a0237bb5e1b2ccb4_02_K16	18	75.27	096350	097500
e1d4aea35395b4d0fe03ae60d13a417a_02_K16	14	62.73	097500	096350
e3180a12a26cf5736443b0638b70b687_02_K16	10	75.27	097500	096350
e3f829e84ee9471ec77acc5d8a1131d8_02_K16	10	64.69	096350	097500
e45dc7e4d161976fcf96551c1687bf3a_02_K16	09	75.27	097500	096350
e4b4c3acec3ab1659ae2b2daefbf1fa9_02_K16	02	75.27	096350	097500
e5d1974b7a47436024f0704063a10d06_02_K16	15	60.0	097500	096350
e60fbdb599ae6d8cd3b79a859898f026_02_K16	18	75.27	096350	097500
e68abcd6cfeb403f45ad673e372a9f37_02_K16	09	60.0	097500	096350
e6f321e488adf8c036fdb4131cbb31a3_02_K16	11	79.62	097500	096350
e6f772d39cbae1f2dc78024432f968fc_02_K16	06	66.77	097500	096350
e74683195a6980b473838fe808126cc2_02_K16	17	62.73	097500	096350
e81a4128c6b9acea58e2a28b89278583_02_K16	08	76.67	097500	096350
e83a69603f8d19819e50583e31920ccb_02_K16	10	72.63	097500	096350
e96daee72fd246d6fe98a4e5c40a45e1_02_K16	12	67.87	097500	096350
e9870f2ead5c3c5ec686a9ebc61191ac_02_K16	10	84.49	097500	096350
e9a6bc66f71726a0e2032ea0d4d0288c_02_K16	10	60.88	097500	096350
ea1239505a1987847b96638ba1507982_02_K16	10	65.71	097500	096350
ea165550d21755236a4f42321cca7051_02_K16	13	82.8	097500	096350
ea95bcd2db5d902def7e26d7ce732b64_02_K16	09	72.63	097500	096350
ea98ba8b7525bf6a019859ae2226a1e5_02_K16	06	78.11	097500	096350
eaacacd228ff5f6c53bd4e369416391e_02_K16	11	65.71	097500	096350
ebef90b8ea3ae006a65c1f754198e369_02_K16	12	72.63	096350	097500
ec41a24302a4213c0837f09536eddc70_02_K16	14	63.69	097500	096350
ee7bd2db4b3fba26c9c00a6bd8b5b819_02_K16	14	64.69	097500	096350
ee8ef511a318f86bfa88c89df64592d6_02_K16	12	81.18	097500	096350
ef68f0acc7482ddc89ed41e413dbc973_02_K16	13	67.87	097500	096350
f02152cade65d621b7f4006494268632_02_K16	06	81.18	097500	096350
f075c80789818dfd97a32fd94a4117fd_02_K16	17	62.73	097500	096350
f091e2a6a0e76e215efe8c6e2ceeb5ed_02_K16	06	64.69	097500	096350
f100d635ada866b54c8cf105ce8669b4_02_K16	13	78.11	097500	096350
f19089a13c1bfa5ed896c1e46695e4da_02_K16	13	73.93	097500	096350
f1bd17b4e098d7f25026b1a0c34d4a0f_02_K16	13	67.87	096350	097500
f21563e54106beb38aac3639e781f63f_02_K16	06	73.93	097500	096350
f22e39c78590a585d447de5fd1e37348_02_K16	12	65.71	097500	096350
f2b8dd74f047362017d8bbaafc1b8af6_02_K16	15	61.79	097500	096350
f3045d0a7336f7886696a00eb63ddde8_02_K16	09	75.27	096350	097500
f4213495ca913288727013842c881cb9_02_K16	14	75.27	097500	096350
f4567b91a0fd5fb18155b2885eb5a1ea_02_K16	08	78.11	097500	096350
f52fe8d48a1b6d8d03c319c94ce05e34_02_K16	09	76.67	097500	096350
f666577ea8693a0137bb39c08a4860d7_02_K16	11	84.49	097500	096350
f6e072a436dc3694bc9f9242593e537e_02_K16	17	62.73	097500	096350
f738433d6e406c6e88ee95c0452af08f_02_K16	07	69.0	097500	096350
f74ce49f507ae701e1914b96f6bcf323_02_K16	12	73.93	097500	096350
f754434fba710d3bb2956d0427e1cf86_02_K16	18	90.0	097500	096350
f797adabee8e20e80d4ccf5b76ab0ae0_02_K16	15	60.0	097500	096350
f8455fc02a0221dbdc74be1af271e0e0_02_K16	17	72.63	097500	096350
f880e29667dc65c6868bfe0c28206169_02_K16	14	76.67	097500	096350
f89f0ee985f21e1f4f9d132fc04f2659_02_K16	09	69.0	097500	096350
fa21dccef6b689eba73c1595c5a77ab3_02_K16	09	67.87	097500	096350
fa8aa27c4e828bfeb64621c3da601465_02_K16	18	71.38	097500	096350
fa8bb1fb9b98e5580f9bdbc67065569b_02_K16	18	72.63	097500	096350
fb14f13aceab607efc279708f17faff3_02_K16	10	62.73	097500	096350
fcea5f9319b7bba6d72adeb8b120d04e_02_K16	05	67.87	097500	096350
fdfd4593a094923cba7fed2c5603eb7e_02_K16	13	78.11	096350	097500
fe88d6c0f84d2f549459e69f1d808ef5_02_K16	18	63.69	097500	096350
ff20291d27d8074d716a40b9e6ebaa41_02_K16	11	60.88	097500	096350
